10.23845184
13.57707744
13.57707744
13.57707744
13.57707744
13.57707744
44.32128089070348
109.1583646953549
129.1901182953549
147.5525590953549
165.914999895355
147.5525590953549
98.30783149535496
129.1901182953549
165.914999895355
147.5525590953549
144.2139334953549
109.1583646953549
46.54703129070347
31.97645770707982
29.75070730707982
29.75070730707982
13.57707744
13.57707744
0.0
0.0
0.0
0.0
0.0
0.0
14.57057358362366
14.57057358362366
14.57057358362366
14.57057358362366
14.57057358362366
14.57057358362366
14.57057358362366
14.57057358362366
14.57057358362366
14.57057358362366
14.57057358362366
14.57057358362366
14.57057358362366
0.0
0.0
0.0
0.0
0.0
12.90935232
16.24797792
16.24797792
16.24797792
16.24797792
16.24797792
46.99218137070348
130.5620406954716
155.6017326954717
178.9721118954717
202.3424910954717
178.9721118954717
115.5382254954717
155.6017326954717
202.3424910954717
178.9721118954717
175.6334862954717
130.5620406954716
49.21793177070348
34.64735818707982
32.42160778707982
32.42160778707982
16.24797792
16.24797792
10.23845184
13.57707744
13.57707744
13.57707744
13.57707744
13.57707744
44.32128089070348
109.1583646953549
129.1901182953549
147.5525590953549
165.914999895355
147.5525590953549
98.30783149535496
129.1901182953549
165.914999895355
147.5525590953549
144.2139334953549
109.1583646953549
46.54703129070347
31.97645770707982
29.75070730707982
29.75070730707982
13.57707744
13.57707744
0.0
0.0
0.0
0.0
0.0
0.0
14.57057358362366
14.57057358362366
14.57057358362366
14.57057358362366
14.57057358362366
14.57057358362366
14.57057358362366
14.57057358362366
14.57057358362366
14.57057358362366
14.57057358362366
14.57057358362366
14.57057358362366
0.0
0.0
0.0
0.0
0.0
0.5564376000000002
0.5564376000000002
0.5564376000000002
0.5564376000000002
0.5564376000000002
0.5564376000000002
31.30064105070348
33.52639145070348
33.52639145070348
33.52639145070348
33.52639145070348
33.52639145070348
33.52639145070348
33.52639145070348
33.52639145070348
33.52639145070348
33.52639145070348
33.52639145070348
33.52639145070348
18.95581786707982
16.73006746707982
16.73006746707982
0.5564376000000002
0.5564376000000002
15.5802528
18.9188784
18.9188784
18.9188784
18.9188784
18.9188784
49.66308185070348
151.9657166955884
182.0133470955884
210.3916646955884
238.7699822955884
210.3916646955884
132.7686194955884
182.0133470955884
238.7699822955884
210.3916646955884
207.0530390955884
151.9657166955884
51.88883225070347
37.31825866707982
35.09250826707982
35.09250826707982
18.9188784
18.9188784
10.23845184
13.57707744
13.57707744
13.57707744
13.57707744
13.57707744
44.32128089070348
109.1583646953549
129.1901182953549
147.5525590953549
165.914999895355
147.5525590953549
98.30783149535496
129.1901182953549
165.914999895355
147.5525590953549
144.2139334953549
109.1583646953549
46.54703129070347
31.97645770707982
29.75070730707982
29.75070730707982
13.57707744
13.57707744
2.2257504
5.564376
5.564376
5.564376
5.564376
5.564376
36.30857945070348
44.94733669500484
49.95527509500483
53.29390069500484
56.63252629500483
53.29390069500484
46.61664949500484
49.95527509500483
56.63252629500483
53.29390069500484
49.95527509500483
44.94733669500484
38.53432985070348
23.96375626707982
21.73800586707982
21.73800586707982
5.564376
5.564376
2.2257504
5.564376
5.564376
5.564376
5.564376
5.564376
36.30857945070348
44.94733669500484
49.95527509500483
53.29390069500484
56.63252629500483
53.29390069500484
46.61664949500484
49.95527509500483
56.63252629500483
53.29390069500484
49.95527509500483
44.94733669500484
38.53432985070348
23.96375626707982
21.73800586707982
21.73800586707982
5.564376
5.564376
56.63252629500483
56.63252629500483
