862.32385594851
862.5797932383
862.74870647811
862.74870647811
862.74870647811
862.74870647811
862.74870647811
862.74870647811
862.74870647811
830.87689399244
819.84792479441
860.81455230085
862.74870647811
846.35783795811
802.0707563756
862.32385594851
862.32385594851
860.19857344851
860.19857344851
862.32385594851
862.32385594851
862.32385594851
862.32385594851
862.32385594851
862.74870647811
654.8126119089
862.74870647811
861.90172353303
660.78724467014
861.90172353303
862.74870647811
862.15766082283
532.74290502921
709.08030087531
862.74870647811
862.74870647811
0.0
522.48723815049
855.94335564372
595.12684733695
859.18191596151
0.0
862.32385594851
493.46102911878
724.8063438
862.74870647811
654.8126119089
790.6978296
795.40436430002
800.110899
862.74870647811
861.90172353303
862.74870647811
656.5894210157
862.74870647811
553.42842801981
862.74870647811
824.03293031396
629.98907134619
0.0
860.21880442611
0.0
589.964460416
581.61762077953
606.39992266541
0.0
112.15621333727
859.79003819243
862.74870647811
861.90172353303
150.82524226453
720.0998091
862.74870647811
861.90172353303
862.74870647811
862.74870647811
862.74870647811
862.74870647811
862.74870647811
862.74870647811
862.74870647811
827.95785041215
108.82346592394
528.00622265758
801.39666335541
0.0
580.57158669989
547.86480896048
0.0
0.0
837.0015329015
520.39908247832
862.74870647811
861.90172353303
862.74870647811
861.90172353303
862.74870647811
780.28054232685
0.0
862.74870647811
510.17942488574
859.18191596151
486.30880320572
600.44499540916
715.1238885859
844.47339847477
0.0
777.81889519525
530.56161413937
0.0
742.06852981135
90.46000184384
760.55591747177
781.08535688138
821.78876732138
862.32385594851
0.0
0.0
550.1497918545
862.74870647811
862.32385594851
450.25794440245
705.98020500001
862.74870647811
861.90172353303
862.74870647811
340.82119389004
587.56462068929
778.35107155974
748.0388893617
0.0
0.0
533.30641399338
0.0
0.0
144.01825957265
495.91618698266
535.9144697143
0.0
5.75628317379
409.00497727292
784.02654099792
183.15445452919
545.9580252
346.99532270397
0.0
0.0
811.171265545
0.0
0.0
423.58086202257
230.49658579929
0.0
0.0
0.0
0.0
0.0
0.0
0.0
0.0
0.0
0.0
0.0
0.0
0.0
0.0
0.0
0.0
0.0
0.0
0.0
0.0
0.0
0.0
0.0
0.0
0.0
0.0
0.0
0.0
0.0
0.0
0.0
0.0
0.0
0.0
0.0
0.0
0.0
0.0
0.0
0.0
111.36207420508
0.0
0.0
660.562155145
0.0
0.0
209.38644282931
202.56851006102
0.0
0.0
0.0
0.0
0.0
0.0
0.0
0.0
0.0
0.0
0.0
0.0
0.0
0.0
0.0
0.0
0.0
0.0
0.0
0.0
0.0
0.0
63.63848926
0.0
0.0
0.0
0.0
0.0
0.0
0.0
0.0
0.0
0.0
0.0
0.0
0.0
0.0
0.0
0.0
0.0
383.11192458
0.0
