0.0
0.0
0.0
0.0
0.0
0.0
0.0
0.0
105.0
244.0
348.0
390.0
363.0
344.0
258.0
131.0
0.0
0.0
0.0
0.0
0.0
0.0
0.0
0.0
0.0
0.0
0.0
0.0
0.0
0.0
0.0
0.0
106.0
136.0
148.0
131.0
122.0
72.0
61.0
52.0
0.0
0.0
0.0
0.0
0.0
0.0
0.0
0.0
0.0
0.0
0.0
0.0
0.0
0.0
5.0
98.0
288.0
424.0
338.0
235.0
267.0
281.0
117.0
85.0
28.0
9.0
0.0
0.0
0.0
0.0
0.0
0.0
0.0
0.0
0.0
0.0
0.0
0.0
0.0
0.0
64.0
55.0
162.0
244.0
305.0
314.0
212.0
93.0
0.0
0.0
0.0
0.0
0.0
0.0
0.0
0.0
0.0
0.0
0.0
0.0
0.0
0.0
57.0
218.0
299.0
488.0
673.0
451.0
435.0
442.0
243.0
284.0
226.0
89.0
0.0
0.0
0.0
0.0
0.0
0.0
0.0
0.0
0.0
0.0
0.0
0.0
91.0
154.0
244.0
598.0
614.0
563.0
635.0
609.0
340.0
234.0
43.0
12.0
0.0
0.0
0.0
0.0
0.0
0.0
0.0
0.0
0.0
0.0
0.0
97.0
258.0
435.0
585.0
715.0
780.0
715.0
684.0
476.0
274.0
103.0
284.0
37.0
22.0
0.0
0.0
0.0
0.0
0.0
0.0
0.0
0.0
0.0
0.0
21.0
39.0
64.0
158.0
402.0
789.0
711.0
756.0
666.0
661.0
212.0
146.0
109.0
38.0
0.0
0.0
0.0
0.0
0.0
0.0
0.0
0.0
0.0
16.0
119.0
328.0
464.0
606.0
819.0
914.0
956.0
945.0
875.0
782.0
639.0
415.0
295.0
136.0
8.0
0.0
0.0
0.0
0.0
0.0
0.0
0.0
0.0
6.0
121.0
292.0
479.0
643.0
782.0
874.0
923.0
927.0
880.0
780.0
632.0
470.0
290.0
125.0
0.0
0.0
0.0
0.0
0.0
0.0
960.3000000000001
