1.77
0.45
-0.06
-0.58
-0.8
-0.81
-1.02
-0.88
-0.71
-0.03
1.15
2.24
2.96
3.48
4.04
3.8
3.51
3.09
2.67
1.1
0.81
0.56
0.21
-0.27
2.5
2.26
1.98
1.88
1.8
1.82
1.84
1.9
1.98
2.26
2.76
3.39
3.69
3.63
3.43
3.15
2.81
2.44
2.25
1.86
1.66
1.45
1.32
1.15
5.02
4.65
4.48
4.28
4.1
3.78
3.59
3.64
5.22
6.5
7.29
7.56
7.98
8.57
8.82
8.37
7.35
6.52
6.03
5.85
5.73
5.64
5.21
4.72
-0.48
-1.15
-1.15
-1.47
-1.71
-1.5
-1.56
-1.59
-1.14
-0.21
1.52
2.83
4.47
5.51
5.96
5.89
5.56
4.89
3.93
2.0
1.38
0.92
-0.24
-1.0
4.89
4.27
4.14
3.97
3.9
3.81
3.87
4.06
4.72
5.34
6.0
7.07
8.37
9.3
10.25
10.69
10.83
10.58
10.44
10.16
9.6
9.03
8.56
8.1
10.02
10.06
9.8
9.36
8.77
7.97
7.5
9.53
10.77
11.87
12.54
12.79
13.01
13.25
13.31
13.7
12.19
12.2
11.95
10.6
10.41
10.36
10.34
10.27
17.77
17.24
16.58
15.82
15.19
14.86
15.63
17.74
18.97
19.78
20.57
21.31
21.69
21.95
21.59
21.48
20.57
20.37
19.71
19.35
17.69
17.22
16.85
16.35
11.86
11.69
11.8
11.92
12.04
12.16
12.22
12.34
12.78
13.24
13.76
14.27
14.93
15.66
16.26
16.49
16.73
16.66
16.45
16.32
16.11
15.9
15.69
15.48
14.15
13.84
13.55
13.23
12.76
12.66
12.86
14.6
15.51
16.39
17.39
18.08
18.39
19.09
19.77
20.32
20.33
20.27
20.08
20.25
19.41
18.36
17.48
16.93
16.61
15.63
14.98
14.41
13.53
13.35
13.65
15.44
16.81
18.26
19.56
20.6
21.43
22.12
22.52
22.68
22.52
22.23
21.54
20.84
19.96
19.17
18.41
17.71
-5.126
35.827000000000005
