-0.000000000000000000e+00
-0.000000000000000000e+00
-0.000000000000000000e+00
-0.000000000000000000e+00
-0.000000000000000000e+00
-0.000000000000000000e+00
-0.000000000000000000e+00
-0.000000000000000000e+00
2.612750852600000062e+00
1.256557854219999548e+01
2.894966734539999820e+01
4.465766046399999567e+01
5.705889373200002268e+01
6.348986523440000695e+01
6.133209456180001240e+01
4.349704770600001780e+01
1.374585595039999752e+01
4.372651566999999351e-01
-0.000000000000000000e+00
-0.000000000000000000e+00
-0.000000000000000000e+00
-0.000000000000000000e+00
-0.000000000000000000e+00
-0.000000000000000000e+00
-0.000000000000000000e+00
-0.000000000000000000e+00
-0.000000000000000000e+00
-0.000000000000000000e+00
-0.000000000000000000e+00
-0.000000000000000000e+00
-0.000000000000000000e+00
-0.000000000000000000e+00
7.434469052699998137e+00
2.721849515159999910e+01
4.562081894449998742e+01
6.917437490449998450e+01
8.735758361660003857e+01
1.572654808651000167e+02
2.762118866513998796e+02
3.123929495179000924e+02
1.785014486084000396e+02
1.879861993199999803e+00
-0.000000000000000000e+00
-0.000000000000000000e+00
-0.000000000000000000e+00
-0.000000000000000000e+00
-0.000000000000000000e+00
-0.000000000000000000e+00
-0.000000000000000000e+00
-0.000000000000000000e+00
-0.000000000000000000e+00
-0.000000000000000000e+00
-0.000000000000000000e+00
-0.000000000000000000e+00
1.293886946800000048e+00
2.326509225079999155e+01
3.654459215200000699e+01
4.529853543920000192e+01
4.553792277729998972e+01
4.838315015740000291e+01
7.662377843680002343e+01
2.952718756741000448e+02
4.685178521027000329e+02
5.624980898929001114e+02
4.787341781507998917e+02
1.139814362762999593e+02
-0.000000000000000000e+00
-0.000000000000000000e+00
-0.000000000000000000e+00
-0.000000000000000000e+00
-0.000000000000000000e+00
-0.000000000000000000e+00
-0.000000000000000000e+00
-0.000000000000000000e+00
-0.000000000000000000e+00
-0.000000000000000000e+00
-0.000000000000000000e+00
-0.000000000000000000e+00
-0.000000000000000000e+00
-0.000000000000000000e+00
3.462573422500000220e+00
1.298558254939999834e+01
2.579496187080000169e+01
3.587569159919998896e+01
4.090118598750000700e+01
4.056410502850000199e+01
3.418260611529999693e+01
2.194724576949998962e+01
7.300365101700000636e+00
4.372646918999999466e-01
-0.000000000000000000e+00
-0.000000000000000000e+00
-0.000000000000000000e+00
-0.000000000000000000e+00
-0.000000000000000000e+00
-0.000000000000000000e+00
-0.000000000000000000e+00
-0.000000000000000000e+00
-0.000000000000000000e+00
-0.000000000000000000e+00
-0.000000000000000000e+00
-0.000000000000000000e+00
6.745395633300002025e+00
3.798651364820000964e+01
5.899983194710000589e+01
6.803187861260001057e+01
6.753330566569999860e+01
6.918134612859998356e+01
6.340738033790001538e+01
2.856065960978000362e+02
4.941447634655999650e+02
6.163517338175998930e+02
6.334217108876000566e+02
4.653265196708999838e+02
9.500116806950002513e+01
-0.000000000000000000e+00
-0.000000000000000000e+00
-0.000000000000000000e+00
-0.000000000000000000e+00
-0.000000000000000000e+00
-0.000000000000000000e+00
-0.000000000000000000e+00
-0.000000000000000000e+00
-0.000000000000000000e+00
-0.000000000000000000e+00
-0.000000000000000000e+00
-0.000000000000000000e+00
5.021378960400000757e+00
2.829388484709999574e+01
3.034994089519999605e+01
5.700306829350000726e+01
8.348789055339997844e+01
1.073782543630000106e+02
1.162466489617999912e+02
1.150365119986000053e+02
9.545585901420001562e+01
1.863507645987000387e+02
8.182909258639998029e+01
1.371726130699999713e+00
-0.000000000000000000e+00
-0.000000000000000000e+00
-0.000000000000000000e+00
-0.000000000000000000e+00
-0.000000000000000000e+00
-0.000000000000000000e+00
-0.000000000000000000e+00
-0.000000000000000000e+00
-0.000000000000000000e+00
-0.000000000000000000e+00
-0.000000000000000000e+00
-0.000000000000000000e+00
1.301967572899999981e+00
1.708033283879999686e+01
4.301514877819998617e+01
6.325154607239998938e+01
7.099736866569999449e+01
1.039007894848000149e+02
2.702475756937998881e+02
4.199967912773001899e+02
4.405454269261000491e+02
1.960879749727999410e+02
4.360942946999998848e-01
-0.000000000000000000e+00
-0.000000000000000000e+00
-0.000000000000000000e+00
-0.000000000000000000e+00
-0.000000000000000000e+00
-0.000000000000000000e+00
-0.000000000000000000e+00
-0.000000000000000000e+00
-0.000000000000000000e+00
-0.000000000000000000e+00
-0.000000000000000000e+00
-0.000000000000000000e+00
-0.000000000000000000e+00
6.481144120999998925e+00
2.316952169510000203e+01
3.916024600740001915e+01
5.259288287959999764e+01
6.186136766060000980e+01
6.565478056870001922e+01
6.382673875129999885e+01
5.534244510199999212e+01
4.050959417499999660e+01
2.087445067640000573e+01
3.588729738700001004e+00
-0.000000000000000000e+00
-0.000000000000000000e+00
-0.000000000000000000e+00
-0.000000000000000000e+00
-0.000000000000000000e+00
-0.000000000000000000e+00
-0.000000000000000000e+00
-0.000000000000000000e+00
-0.000000000000000000e+00
-0.000000000000000000e+00
-0.000000000000000000e+00
8.915596087399997316e+00
3.806228462520000733e+01
5.961828429770000071e+01
7.566632201009994674e+01
9.199690501979995361e+01
1.128787056297000220e+02
1.358460389977000489e+02
1.464674982851999800e+02
2.288209251226000447e+02
2.899407353157000102e+02
3.396458917270998654e+02
4.458382793183000103e+02
4.948865697738999643e+02
3.868684373455002401e+02
9.082779913750000844e+01
1.377062343900000041e+00
-0.000000000000000000e+00
-0.000000000000000000e+00
-0.000000000000000000e+00
-0.000000000000000000e+00
-0.000000000000000000e+00
-0.000000000000000000e+00
-0.000000000000000000e+00
-0.000000000000000000e+00
-0.000000000000000000e+00
-0.000000000000000000e+00
-0.000000000000000000e+00
2.625019572300001158e+00
1.344657065880000069e+01
2.466292902209999482e+01
3.274682373459999951e+01
3.605998117209999521e+01
4.449046900109999569e+01
4.302969343530000401e+01
2.615301909760000854e+01
3.258155082400001845e+00
-0.000000000000000000e+00
-0.000000000000000000e+00
-0.000000000000000000e+00
-0.000000000000000000e+00
-0.000000000000000000e+00
-0.000000000000000000e+00
-0.000000000000000000e+00
-0.000000000000000000e+00
6.334217108876000566e+02
