7577.026083333333
7683.545520833331
7783.422895833332
7722.112229166667
7647.906958333332
7694.432322916666
7521.845802083332
7383.794739583332
7271.956666666667
7259.481260416667
7388.096156249998
7302.314197916665
7729.472156249999
7575.524687499999
7729.401374999998
8149.535354166667
8166.0381875
8201.6115
8214.791270833332
8361.315625
8538.330520833333
8503.538291666668
8367.400739583334
8352.985125
8097.440677083332
8438.145500000002
8126.768052083334
8252.888906249998
8306.524260416667
8302.0294375
8548.791354166666
8450.149333333335
8483.72113541667
8819.777739583335
8872.12228125
8807.824677083332
8611.69884375
8429.178166666665
8570.481197916666
8560.713822916667
8516.544906250001
8442.977479166668
8604.26385416667
8657.016989583333
8725.853947916667
8676.78051041667
8274.802072916667
8081.231572916667
7961.8808125
8164.482322916665
8139.941416666667
8292.855614583334
8318.868760416668
8607.944010416666
8462.391666666668
8458.380218749999
8475.654510416665
8452.855239583334
9114.225343750002
9698.370083333333
9738.927729166668
9444.596520833333
8759.933458333331
8530.486739583333
8441.35907291667
8687.120104166665
8817.824302083334
8488.865927083336
8340.31138541667
7968.770135416666
7874.642687500001
7564.315656250002
7381.665218750002
7414.878124999998
7445.925281250002
7579.734708333333
7497.107677083331
7496.909677083332
7401.827479166668
7397.961125000002
7388.117447916664
7413.4393125000015
7593.333989583336
7795.2516562499995
8086.903375000001
7776.5037604166655
7394.482010416667
7624.262562500002
7376.944739583333
7903.771104166664
8351.993385416667
8022.217677083331
7703.281625
7498.818010416667
7440.7805520833335
7476.563875
7350.445218749997
7541.809666666668
7637.298645833334
7675.07196875
7567.889697916666
7583.668489583333
7540.488583333332
7427.263885416668
7315.987145833333
7317.727781249999
7334.131239583332
7237.6664375
7252.626041666669
7380.595468750001
7610.013270833333
7426.3846770833325
7155.650072916667
7107.054125000001
7241.764874999997
7177.998281250001
7299.386750000002
7452.312427083334
7517.467375000001
7466.965614583332
7134.967395833332
6713.91459375
6719.8489687500005
6856.885770833333
7351.044510416669
7258.713916666667
7457.094822916668
6965.993427083334
6781.799656249999
6815.768791666669
6922.75415625
6904.221125000001
6689.869114583333
6730.988145833333
6867.578114583333
6775.341333333334
6785.793989583332
6974.259666666667
7017.273249999999
7117.253781250001
7438.181531249998
7425.736864583335
7589.307291666668
7778.3993125
7682.904864583332
7568.160041666667
7561.261145833335
7447.792052083333
7509.696489583334
7551.203104166666
7244.39378125
7221.689906250001
7260.651
7207.116624999999
7060.632302083333
7074.236124999999
7243.703885416665
7019.153916666667
7392.916000000002
8031.315812500001
8117.523625
7722.989260416668
7438.408989583335
8008.227041666668
7943.188520833333
7748.8197500000015
7483.6346979166665
7766.192416666666
9201.817135416668
9284.747604166667
9396.152114583336
9205.568333333335
9056.948979166667
9178.551385416666
9211.638208333334
9206.049260416667
9216.349364583333
9213.025333333335
9249.072114583336
8980.143989583334
8900.091302083334
8707.338166666666
8839.451708333334
9019.549010416667
8948.437447916664
8915.096489583333
9085.442822916668
9100.268718750001
9045.31735416667
8840.15484375
9261.514906250002
9555.85934375
9459.465302083332
9344.877041666668
9402.840031249998
9253.376239583333
9296.046125
9241.984770833333
9102.711427083332
9310.366000000002
9106.872552083334
9065.89653125
9226.308229166667
9238.957322916665
9080.262197916669
9115.315947916668
8898.148958333333
8706.247583333336
8730.377781250003
8713.280875000002
8612.797895833335
8530.858427083334
8492.80040625
8394.166000000001
8553.714583333332
8610.783708333336
8677.712802083333
8793.009385416664
8858.530875
8865.584385416667
8873.562177083333
8958.868510416669
8940.66771875
8875.56425
8725.409354166668
8808.889927083332
8829.819479166666
8804.083000000002
8765.463531249998
8668.208031249998
8456.518010416665
8964.060072916667
8931.708291666666
8798.863322916666
8928.589635416669
8919.643479166665
8906.018375
8936.194791666665
9028.685500000001
9010.710135416666
8944.138114583335
8832.44520833333
8764.950572916669
8791.219729166665
8847.746583333332
8758.038249999998
8627.725416666666
8468.8811875
8346.764947916668
8390.7945
8511.216604166664
8820.984072916666
8655.692697916667
8697.174739583335
8698.529635416668
8562.827395833332
8684.6285625
8873.686135416667
9038.707989583332
8996.284312499998
8877.872989583333
8973.174708333332
8901.715645833332
8903.784656249998
8672.728552083337
8702.694802083332
8622.16453125
8593.23513541667
8754.46034375
8688.130947916667
8733.172479166666
8860.928135416669
9003.655875
9153.56040625
9153.525
9090.930958333332
9098.064572916668
9142.766208333334
9149.487520833334
9090.475968749999
8941.780364583336
8856.223635416667
8873.303083333334
8919.162197916668
8984.93969791667
8931.149395833332
8962.353062500002
9122.719093749996
9301.98951041667
9269.504187499999
9326.745031249997
9120.337437499998
9091.492052083331
8971.617624999999
8919.488947916667
8949.50485416667
8922.607281249999
8972.377499999999
9178.649312500002
9164.371135416668
9116.180177083334
9325.8018125
9397.548895833334
9362.775729166664
9306.101781250001
9372.765229166665
9338.794010416668
9379.806218750002
9518.875052083336
9505.146906249998
9509.580218749996
9125.232270833334
9037.703104166661
9137.164197916669
8989.805208333333
9093.070447916667
9211.995427083333
9292.897947916665
9277.084270833335
9469.4840625
9542.23190625
9502.55071875
9435.159395833332
9455.332624999995
9282.096906249999
9389.548375
9469.415500000001
9320.376062500001
9312.567979166666
9119.902718750001
9106.075333333334
8996.677875000001
8831.81415625
8972.12052083333
8918.700635416666
8949.255281249998
8520.420447916664
8625.946802083334
8707.609416666666
8874.789302083333
8361.0118125
8361.896854166665
8062.810333333334
7870.549937499999
7834.608010416667
7892.154510416664
8061.003416666667
8028.514187499998
7848.605979166668
8087.514979166667
8122.664270833339
8221.170437500003
8329.305572916666
8015.674687499998
7983.567406250002
7963.2888437500005
7772.938250000002
7949.261854166667
8228.974010416667
8386.242354166669
8268.207291666664
8270.933395833335
8113.926395833334
8042.234229166665
7931.056822916667
7842.227072916666
7813.633625000002
7548.036125000001
7709.039874999999
7611.047208333333
7790.747229166665
8056.025791666666
8093.581239583335
8135.036364583335
8304.137583333335
8284.726083333333
8314.291291666668
7947.169083333332
8206.63052083333
8314.043749999999
8374.661093749999
8689.798656250001
8616.953114583333
8266.6021875
8583.124354166664
9017.187968749999
8993.750635416667
9072.548552083335
8985.571187500002
9104.713916666666
8689.714854166665
8488.799666666668
8438.431499999997
8367.320135416667
8285.170583333333
8525.034291666667
8738.440906249998
8677.011760416668
8855.990000000002
9029.987447916666
8830.409041666664
9042.276458333334
9084.258697916668
9152.316395833333
9137.675354166664
9166.281916666663
9025.358718750002
9442.036104166666
9283.461468750003
9377.865520833335
9193.774979166667
9066.219760416667
9249.365020833333
9018.562375000001
8675.075083333333
8646.577020833332
8749.586406250002
9059.414875000002
9336.571927083332
9005.24165625
9040.983041666665
9008.467031249998
8888.119010416667
8712.713875
8706.743041666667
8805.054395833335
9208.619822916666
9157.503062499998
9211.600677083336
9134.76773958333
9246.531197916665
9249.715666666665
9300.182979166666
9453.555552083335
9616.362052083334
9419.006645833335
9368.310010416666
9196.147552083334
9051.084010416665
9013.560760416667
8987.675375
8977.709343750003
9040.770989583334
9099.853145833335
9197.374041666666
9071.361875000002
9130.256677083333
8875.655291666666
8714.569083333334
8668.696562499998
8612.064645833334
8878.458260416666
9215.355302083331
9163.28746875
9142.0350625
9161.261114583336
9056.52528125
9209.156916666669
9353.622552083334
9171.609697916669
9061.91421875
8965.00996875
8831.893739583336
8671.075083333331
8662.415229166669
8620.595229166665
8667.252447916668
8786.8115
8840.77167708333
9086.498260416667
9192.876364583331
9380.234468749999
9408.61186458333
9219.345781250004
9096.011114583334
9140.311802083335
9229.762166666667
9232.862531249999
9272.052666666666
9360.3878125
9037.409052083334
9148.33609375
9167.084781249998
8885.647875
8710.957052083335
8712.873260416667
8728.700052083334
8779.207364583333
8814.56670833333
8675.022229166667
8710.507645833333
8258.37220833333
8144.872593750002
8167.161770520832
8016.479815833335
8369.002166666665
8314.104166666666
8317.4375
8320.770833333332
8324.104166666666
8327.4375
8330.770833333332
8334.104166666666
8337.4375
7577.026083333333
7683.545520833331
7783.422895833332
7722.112229166667
7647.906958333332
7694.432322916666
7521.845802083332
7383.794739583332
7271.956666666667
7259.481260416667
7388.096156249998
7302.314197916665
7729.472156249999
7575.524687499999
7729.401374999998
8149.535354166667
8166.0381875
8201.6115
8214.791270833332
8361.315625
8538.330520833333
8503.538291666668
8367.400739583334
8352.985125
8097.440677083332
8438.145500000002
8126.768052083334
8252.888906249998
8306.524260416667
8302.0294375
8548.791354166666
8450.149333333335
8483.72113541667
8819.777739583335
8872.12228125
8807.824677083332
8611.69884375
8429.178166666665
8570.481197916666
8560.713822916667
8516.544906250001
8442.977479166668
8604.26385416667
8657.016989583333
8725.853947916667
8676.78051041667
8274.802072916667
8081.231572916667
7961.8808125
8164.482322916665
8139.941416666667
8292.855614583334
8318.868760416668
8607.944010416666
8462.391666666668
8458.380218749999
8475.654510416665
8452.855239583334
9114.225343750002
9698.370083333333
9738.927729166668
9444.596520833333
8759.933458333331
8530.486739583333
8441.35907291667
8687.120104166665
8817.824302083334
8488.865927083336
8340.31138541667
7968.770135416666
7874.642687500001
7564.315656250002
7381.665218750002
7414.878124999998
7445.925281250002
7579.734708333333
7497.107677083331
7496.909677083332
7401.827479166668
7397.961125000002
7388.117447916664
7413.4393125000015
7593.333989583336
7795.2516562499995
8086.903375000001
7776.5037604166655
7394.482010416667
7624.262562500002
7376.944739583333
7903.771104166664
8351.993385416667
8022.217677083331
7703.281625
7498.818010416667
7440.7805520833335
7476.563875
7350.445218749997
7541.809666666668
7637.298645833334
7675.07196875
7567.889697916666
7583.668489583333
7540.488583333332
7427.263885416668
7315.987145833333
7317.727781249999
7334.131239583332
7237.6664375
7252.626041666669
7380.595468750001
7610.013270833333
7426.3846770833325
7155.650072916667
7107.054125000001
7241.764874999997
7177.998281250001
7299.386750000002
7452.312427083334
7517.467375000001
7466.965614583332
7134.967395833332
6713.91459375
6719.8489687500005
6856.885770833333
7351.044510416669
7258.713916666667
7457.094822916668
6965.993427083334
6781.799656249999
6815.768791666669
6922.75415625
6904.221125000001
6689.869114583333
6730.988145833333
6867.578114583333
6775.341333333334
6785.793989583332
6974.259666666667
7017.273249999999
7117.253781250001
7438.181531249998
7425.736864583335
7589.307291666668
7778.3993125
7682.904864583332
7568.160041666667
7561.261145833335
7447.792052083333
7509.696489583334
7551.203104166666
7244.39378125
7221.689906250001
7260.651
7207.116624999999
7060.632302083333
7074.236124999999
7243.703885416665
7019.153916666667
7392.916000000002
8031.315812500001
8117.523625
7722.989260416668
7438.408989583335
8008.227041666668
7943.188520833333
7748.8197500000015
7483.6346979166665
7766.192416666666
9727.849989583328
9958.707593750003
10018.125781249999
9988.84084375
9826.677739583332
9662.367989583337
9555.159041666666
9269.593312500001
9078.394760416666
9095.027427083336
9367.914187500002
9610.631229166662
9586.414854166665
9701.402041666664
9629.469468750003
9683.662510416667
9575.892145833335
9589.228458333333
9706.935062499999
9624.30795833333
9899.043395833332
10027.918041666666
10093.642010416666
10145.917552083332
10149.073624999999
10022.901010416666
10207.127218749998
9815.675052083332
9673.884791666667
9658.540927083337
9570.306864583334
9418.742739583338
9603.633322916667
9656.85625
9546.893416666668
9935.837843749996
10067.019312499999
10122.503427083328
9902.991291666667
9631.5270625
9951.041624999998
9645.534760416667
9778.454197916666
9381.009302083332
9079.417333333335
9206.164562500002
8947.587135416668
8297.925322916666
7994.700687499999
7908.219729166665
7890.061083333333
7759.156218749999
7757.882197916667
7597.422250000001
7547.89446875
7417.6809583333325
7332.724
7346.973260416667
7545.037114583335
8048.190562499999
8658.105249999997
8585.202239583334
8338.075822916666
8377.304135416665
8039.412145833334
7943.153416666665
7989.6084062499995
7835.664614583333
8003.043104166665
8030.335822916667
7811.675395833333
7844.131895833334
7699.045802083332
8125.78748958333
8215.982645833332
8197.08678125
8139.49240625
8119.1926666666695
8105.506666666665
8081.530947916667
8044.011572916665
8043.731635416666
7909.656729166668
7990.150374999999
8390.70578125
8536.072958333334
8575.331937500001
8830.867041666666
8831.282239583334
8756.443072916663
8732.413927083333
8804.088468750002
8657.646197916669
8474.395916666668
8261.330822916669
8010.117416666665
7745.6163020833355
7725.486739583332
7743.540291666668
7604.247968749999
7418.572260416667
7368.962208333335
7338.951739583332
7327.889614583336
7284.213208333332
7277.9483125000015
7239.817729166665
7177.735395833333
7169.446187500001
6991.760739583334
7054.01675
7072.364229166666
7173.903104166666
7257.177468750002
7321.724947916666
7389.496229166667
7367.132239583333
7408.66009375
7510.829114583334
7573.532031249999
7532.399625
7538.952708333336
7351.050270833331
7301.511020833333
7105.5572604166655
7008.425677083333
6999.1395833333345
6991.893041666664
7063.884708333334
7185.1892499999985
7285.750281250001
7376.3616875
7210.776375000001
7316.37159375
8562.792749999999
9501.217760416666
9540.896864583334
9719.710885416667
7925.487531249999
7805.395510416665
7884.422468749999
7796.100739583333
7870.914916666666
8001.714499999998
7817.9642395833325
7448.649666666665
7703.294822916666
7836.47775
7663.352822916665
7697.0333125
7622.790010416665
7566.707937499999
7365.903437499999
7108.995135416664
7460.352406250003
7857.791322916667
7848.119416666668
8006.060093749997
8135.156156250001
8111.516687500001
8241.575291666668
8236.589989583334
8878.64897916667
8989.576187499999
8757.203781249998
8737.467708333332
8630.02577083333
8477.964958333334
8270.213177083333
8134.0948333333345
8369.37146875
8442.348625
8267.428489583333
8231.00314583333
8172.625677083332
8125.385802083335
8004.480197916666
7905.719760416668
7853.5451250000015
8008.434104166668
8231.862864583332
8315.50759375
8310.170854166665
8398.227083333331
8209.0641875
7960.085052083332
8211.48754166667
8287.844802083331
8184.894458333333
8013.591302083332
8010.920520833332
7947.722874999998
7694.477729166668
7598.0663125
7580.843364583332
7531.961010416666
7608.776739583335
7604.052760416667
7577.288854166669
7570.6649479166645
7520.663572916669
7531.635739583333
7605.510427083332
7687.593020833336
7816.532687500002
7874.128791666665
7860.316697916668
7815.570822916665
8011.942708333333
8138.449302083336
8123.942072916668
8070.915604166668
7981.623677083335
7931.3548645833325
8134.242802083332
8202.289010416665
8123.932291666666
8006.983781249999
7813.17253125
7713.4267500000005
7677.2058750000015
7664.293072916668
7642.307135416667
7594.528802083335
7533.848270833336
7487.4524062499995
7681.131677083332
7659.734145833335
7414.5666458333335
7580.9979375
7737.368749999999
7563.201041666667
7746.689916666666
7763.2041875
7997.254885416664
7963.814541666667
7865.932677083335
7957.510354166669
8060.546593749999
8082.893114583331
8274.846239583334
7782.090927083332
7740.4159687500005
7916.0176458333335
8071.361145833334
7915.497989583333
7842.270468750001
7858.356906250001
7906.362489583335
7937.001114583332
7915.569031249999
8143.760666666667
8304.715020833333
8275.139937499998
8412.085000000001
8583.099552083337
8590.328802083333
8657.21384375
8544.008437499999
8564.972281249999
7912.644458333337
7825.838885416668
7750.743697916666
8108.601697916668
8226.625739583333
8248.643760416668
8272.033020833333
7983.984697916666
8325.189947916668
8340.006125000002
8320.77040625
8333.197895833335
8361.567677083336
8337.775458333334
8354.751854166667
8414.651062499997
8457.844020833334
8429.151385416664
8346.902385416664
8134.276781249998
8186.701427083334
8591.202374999997
8700.059302083331
8699.726125
8634.576760416669
7964.091385416669
7990.0281354166655
8230.396208333335
8142.586395833333
8065.978791666668
8091.384666666668
8229.380166666666
7900.708333333338
7695.543645833332
7754.954114583332
7709.016687499999
7713.159677083332
7704.946937500002
7759.7778124999995
7312.546572916667
6775.741645833332
6998.345552083334
7380.216395833334
7395.164552083332
7819.618395833332
8114.161479166667
7982.259635416666
7829.144802083334
7557.157260416668
7580.943697916666
7684.522239583332
7855.857572916665
7755.298614583333
7853.3160729166675
7714.810416666667
7656.864739583334
7514.761125
7571.373510416668
7732.446166666667
7693.215593750001
7667.952822916666
7623.852374999999
7734.622906249998
7928.3365
7967.912552083332
7533.6329375
7836.322885416666
7710.516989583333
7758.434708333335
7496.9125416666675
7623.480187499998
7557.211770833332
7370.527802083331
7159.746927083334
7291.253135416667
7554.69448958333
6948.612822916667
6935.308781250002
7029.407281249999
7074.914875000001
7083.461833333334
7036.483375000001
7018.3207812499995
6952.846916666666
6953.006281250002
6936.1613541666675
6913.889239583333
6881.919427083334
6924.100322916667
7016.522270833331
7700.499604166666
7811.331208333335
7882.822520833333
7910.417041666667
7716.430125
7701.640229166668
7753.3201874999995
7194.641291666669
7092.691656249998
7004.075666666666
6866.655249999999
7051.927739583334
7156.65596875
7126.870791666667
7164.938166666667
7057.578218750001
7131.235072916666
7162.415906249998
7171.570135416666
7123.295239583333
7066.013875000001
7232.75836458333
7153.965979166667
7216.397593749998
7422.459312500001
7538.577125000001
7706.146447916669
7767.91740625
7698.291614583332
7615.179520833332
7742.820406250002
7719.383208333335
7834.737250000004
8192.350666666667
8058.382937500001
8155.434062500001
8233.498625
8325.439187499998
8258.914906249998
8240.670041666664
8036.168437499999
7836.65486458333
7824.756260416668
7833.184708333333
7718.065625
7700.850364583333
7755.662114583334
7821.577041666667
7874.135354166667
8008.689541666664
8087.288937500001
8294.145218749998
8429.535791666665
8371.414145833329
8231.193802083335
8120.745770833335
8187.218374999997
8348.814270833334
8195.944135416667
8148.100697916667
8093.164635416664
8079.4402812499975
8029.427427083336
8014.860781249999
8050.300302083329
8064.480927083335
8062.100302083332
8005.059697916666
8112.648687500002
8077.703489583335
8105.9816458333335
8191.10075
7916.932302083332
7959.258343750001
7589.7565625
7711.706520833333
7795.851781249999
7833.632604166667
7837.347864583333
7611.5756875
7773.416072916667
7913.622875000001
7848.9246250000015
7953.713854166665
7961.611645833331
7925.142343749999
7891.1329791666685
7857.671531250005
7779.241979166665
7744.125020833332
7735.343041666665
7902.744437499999
8151.072187500001
8226.314239583335
8211.650333333333
8136.6698541666665
8051.476093750001
8027.679885416665
8007.783354166664
7986.343666666664
7975.380958333333
8027.014875000001
8020.436802083333
8005.436833333334
7962.96740625
7894.151322916667
7854.9478541666695
7860.110739583332
7852.295114583334
7782.333354166668
7599.7055833333325
7609.2548124999985
7536.8180104166695
7465.4545312499995
7532.263187499999
7546.760781250001
7600.5832916666695
7616.566656250002
7649.340322916666
7776.763604166665
7792.055541666666
7859.1506458333315
7981.184697916668
8058.393760416666
7958.346114583335
8000.435354166667
7942.546854166666
8178.610479166665
8177.131187500002
8344.834322916664
8272.214531250002
8293.930989583334
8399.850687499998
8351.46867708333
8315.645135416667
8119.7465
8062.480562499998
8049.650010416672
8089.9058749999995
8129.630760416667
8080.435364583337
8301.843729166665
8322.257604166663
8254.572312500002
8398.071500000002
8355.456999999999
8320.65696875
8352.571208333333
8312.175666666666
8293.654135416666
8216.244416666665
8206.492375000002
8342.723270833336
8440.729135416666
7991.030906249998
8013.488187499998
8226.684749999999
8350.647520833336
8324.300052083336
8261.023999999998
8276.00271875
8180.271114583332
8136.010427083335
7962.705875000001
7709.330604166668
7719.951322916667
7842.569687499999
7752.903499999999
8043.256562499999
8242.191374999999
8157.0471875
8473.082260416666
8560.630520833334
8473.393333333335
8409.39384375
8413.727833333334
8480.42571875
8425.122958333333
8391.224635416667
8473.719802083333
8614.690635416666
8649.534395833334
8534.480239583336
8446.194395833332
8439.432989583333
8051.437531249998
7813.122208333337
8913.590947916668
9074.2855
8671.340562499996
8607.4210625
8479.060020833334
8384.157260416667
8112.253822916666
8042.490604166667
8243.995854166666
8139.330503125001
8415.081947916668
8437.394062500005
8480.262572916668
8620.6795625
8568.325401041668
8489.31170833333
8374.696840104167
8316.05590625
8255.256875000001
7833.318079687499
7732.802375000001
7612.290312499999
6971.0426885416655
4176.831585416667
3943.9895833333326
3947.3229166666656
3950.656249999999
3953.9895833333317
3749.369449583334
5948.738196875001
6867.573231250001
6740.961410416665
6715.320489583334
6714.146874999999
6717.503125000001
6716.226375000001
6710.370135416667
6731.922229166667
6775.3482604166675
6722.505572916667
6715.908333333334
6723.145104166668
6725.745135416667
6730.904166666666
6732.459364583335
6743.297916666668
6753.208333333335
6719.779510416668
7582.793354166666
7839.420812499999
8098.771583333333
8029.405552083334
7914.469802083332
8149.975822916666
8165.023208333333
8334.804114583334
8337.083374999998
9021.3739375
9270.545791666666
9507.957572916666
8722.430500000002
8727.692697916667
8699.141291666669
8643.120791666668
8662.400333333333
8692.916656250001
8631.327010416668
8676.44890625
8510.853739583332
8240.321624999997
8263.443489583333
8177.59271875
8265.538239583331
8166.193364583333
8120.404885416666
8184.631614583334
8126.070854166666
8137.142427083334
8242.787135416667
8162.753406250001
8258.379875000002
8390.420739583333
8508.963854166666
8466.949020833334
8546.186020833335
8419.284010416666
8539.347208333333
8463.843739583335
8369.834739583332
8341.684395833336
8360.280229166663
8223.157333333333
8099.507187499999
8088.586354166666
7996.754500000001
7790.369739583335
7927.269083333332
8168.034520833333
8231.653875
8175.426781250001
8199.610437500001
8287.8461875
8388.9916875
8213.60171875
8284.523906249999
8396.02396875
8274.86246875
8371.963208333333
8339.340291666666
8369.130968750003
8350.57113541667
8287.018770833336
8185.16453125
8025.736072916668
8121.37013541667
8163.508937500003
8003.8798124999985
8157.11878125
8068.113239583335
8156.238166666668
7942.688135416668
7818.971510416667
7494.015947916665
7382.376291666666
7416.845812499999
7562.614031250002
7571.890260416667
7615.228447916666
7676.094125
7689.762833333335
7662.032593750001
7656.497114583334
7685.1688125
7794.606322916665
7964.769145833333
7910.937041666666
7978.990895833335
8085.082583333334
7960.838968749999
7897.133343750003
7553.502427083334
7320.641385416668
7292.273322916665
7321.571135416665
7643.759416666666
7838.82122916667
7999.840343749999
8065.7132500000025
8062.228854166666
7973.761822916664
7952.089197916668
7982.131989583329
8019.000062499999
7951.253427083332
7570.786052083333
7545.496552083335
7480.637458333333
7429.597270833335
7461.08375
7485.3097499999985
7538.9222500000005
7427.733291666666
7530.299572916665
7416.062874999999
7464.276364583332
7374.109687499999
7393.595531249999
7349.968749999999
7353.302083333334
7356.635416666667
7359.968749999999
7363.302083333333
7366.635416666667
7369.96875
7373.302083333333
7376.635416666666
7379.968750000001
7383.302083333333
7386.635416666666
7389.968749999999
7393.302083333334
7396.635416666666
7399.96875
7325.802083333333
7329.135416666667
7332.46875
7335.802083333333
7339.135416666666
7339.96875
7343.302083333333
7346.635416666666
7349.968749999999
7353.302083333334
7356.635416666667
7359.968749999999
7363.302083333333
7366.635416666667
7369.96875
7373.302083333333
7376.635416666666
7379.968750000001
7383.302083333333
7386.635416666666
7389.968749999999
7393.302083333334
7396.635416666666
7399.96875
7325.802083333333
7329.135416666667
7332.46875
7335.802083333333
7339.135416666666
7339.96875
7343.302083333333
7346.635416666666
7349.968749999999
7353.302083333334
7356.635416666667
7359.968749999999
7363.302083333333
7366.635416666667
7369.96875
7373.302083333333
7376.635416666666
7379.968750000001
7383.302083333333
7386.635416666666
7389.968749999999
7393.302083333334
7396.635416666666
7399.96875
7325.802083333333
7329.135416666667
7332.46875
7335.802083333333
7339.135416666666
7339.96875
7343.302083333333
7346.635416666666
7349.968749999999
7353.302083333334
7356.635416666667
7359.968749999999
7363.302083333333
7366.635416666667
7369.96875
7373.302083333333
7376.635416666666
7379.968750000001
7383.302083333333
7386.635416666666
7389.968749999999
7393.302083333334
7396.635416666666
7399.96875
7325.802083333333
7329.135416666667
7332.46875
7335.802083333333
7339.135416666666
7339.96875
7343.302083333333
7346.635416666666
7349.968749999999
7353.302083333334
7356.635416666667
7359.968749999999
7363.302083333333
7366.635416666667
7371.404854166667
7401.5048541666665
7405.537166666667
7408.431250000001
7405.989583333333
7392.8381875000005
7388.551739583332
7384.727427083332
7381.1208333333325
7388.292708333333
7315.867708333334
7324.116677083332
7357.482291666668
7321.356947916667
7324.403822916668
7327.066666666667
7328.6086875
7332.396520833333
7335.768052083333
7406.067749999998
8341.616760416668
8233.804177083333
8067.156927083332
8211.064906250003
7928.001041666664
7635.564266666667
8068.714854166668
7907.067354166666
8054.179760416666
8042.250677083334
7869.408343750001
7678.045458333331
7694.471947916666
7790.873541666668
8520.420447916664
8625.946802083334
8707.609416666666
8874.789302083333
8361.0118125
8361.896854166665
8062.810333333334
7870.549937499999
7834.608010416667
7892.154510416664
8061.003416666667
8028.514187499998
7848.605979166668
8087.514979166667
8122.664270833339
8221.170437500003
8329.305572916666
8015.674687499998
7983.567406250002
7963.2888437500005
7772.938250000002
7949.261854166667
8228.974010416667
8386.242354166669
8268.207291666664
8270.933395833335
8113.926395833334
8042.234229166665
7931.056822916667
7842.227072916666
7813.633625000002
7548.036125000001
7709.039874999999
7611.047208333333
7790.747229166665
8056.025791666666
8093.581239583335
8135.036364583335
8304.137583333335
8284.726083333333
8314.291291666668
7947.169083333332
8206.63052083333
8314.043749999999
8374.661093749999
8689.798656250001
8616.953114583333
8266.6021875
8583.124354166664
9017.187968749999
8993.750635416667
9072.548552083335
8985.571187500002
9104.713916666666
8689.714854166665
8488.799666666668
8438.431499999997
8367.320135416667
8285.170583333333
8525.034291666667
8738.440906249998
8677.011760416668
8855.990000000002
9029.987447916666
8830.409041666664
9042.276458333334
9084.258697916668
9152.316395833333
9137.675354166664
9166.281916666663
9025.358718750002
9442.036104166666
9283.461468750003
9377.865520833335
9193.774979166667
9066.219760416667
9249.365020833333
9018.562375000001
8675.075083333333
8646.577020833332
8749.586406250002
9059.414875000002
9336.571927083332
9005.24165625
9040.983041666665
9008.467031249998
8888.119010416667
8712.713875
8706.743041666667
8805.054395833335
9208.619822916666
9157.503062499998
9211.600677083336
9134.76773958333
9246.531197916665
9249.715666666665
9300.182979166666
9453.555552083335
9616.362052083334
9419.006645833335
9368.310010416666
9196.147552083334
9051.084010416665
9013.560760416667
8987.675375
8977.709343750003
9040.770989583334
9099.853145833335
9197.374041666666
9071.361875000002
9130.256677083333
8875.655291666666
8714.569083333334
8668.696562499998
8612.064645833334
8878.458260416666
9215.355302083331
9163.28746875
9142.0350625
9161.261114583336
9056.52528125
9209.156916666669
9353.622552083334
9171.609697916669
9061.91421875
8965.00996875
8831.893739583336
8671.075083333331
8662.415229166669
8620.595229166665
8667.252447916668
8786.8115
8840.77167708333
9086.498260416667
9192.876364583331
9380.234468749999
9408.61186458333
9219.345781250004
9096.011114583334
9140.311802083335
9229.762166666667
9232.862531249999
9272.052666666666
9360.3878125
9037.409052083334
9148.33609375
9167.084781249998
8885.647875
8710.957052083335
8712.873260416667
8728.700052083334
8779.207364583333
8814.56670833333
8675.022229166667
8710.507645833333
8258.37220833333
8144.872593750002
8167.161770520832
8016.479815833335
8369.002166666665
8314.104166666666
8317.4375
8320.770833333332
8324.104166666666
8327.4375
8330.770833333332
8334.104166666666
8337.4375
9727.849989583328
9958.707593750003
10018.125781249999
9988.84084375
9826.677739583332
9662.367989583337
9555.159041666666
9269.593312500001
9078.394760416666
9095.027427083336
9367.914187500002
9610.631229166662
9586.414854166665
9701.402041666664
9629.469468750003
9683.662510416667
9575.892145833335
9589.228458333333
9706.935062499999
9624.30795833333
9899.043395833332
10027.918041666666
10093.642010416666
10145.917552083332
10149.073624999999
10022.901010416666
10207.127218749998
9815.675052083332
9673.884791666667
9658.540927083337
9570.306864583334
9418.742739583338
9603.633322916667
9656.85625
9546.893416666668
9935.837843749996
10067.019312499999
10122.503427083328
9902.991291666667
9631.5270625
9951.041624999998
9645.534760416667
9778.454197916666
9381.009302083332
9079.417333333335
9206.164562500002
8947.587135416668
8297.925322916666
7994.700687499999
7908.219729166665
7890.061083333333
7759.156218749999
7757.882197916667
7597.422250000001
7547.89446875
7417.6809583333325
7332.724
7346.973260416667
7545.037114583335
8048.190562499999
8658.105249999997
8585.202239583334
8338.075822916666
8377.304135416665
8039.412145833334
7943.153416666665
7989.6084062499995
7835.664614583333
8003.043104166665
8030.335822916667
7811.675395833333
7844.131895833334
7699.045802083332
8125.78748958333
8215.982645833332
8197.08678125
8139.49240625
8119.1926666666695
8105.506666666665
8081.530947916667
8044.011572916665
8043.731635416666
7909.656729166668
7990.150374999999
8390.70578125
8536.072958333334
8575.331937500001
8830.867041666666
8831.282239583334
8756.443072916663
8732.413927083333
8804.088468750002
8657.646197916669
8474.395916666668
8261.330822916669
8010.117416666665
7745.6163020833355
7725.486739583332
7743.540291666668
7604.247968749999
7418.572260416667
7368.962208333335
7338.951739583332
7327.889614583336
7284.213208333332
7277.9483125000015
7239.817729166665
7177.735395833333
7169.446187500001
6991.760739583334
7054.01675
7072.364229166666
7173.903104166666
7257.177468750002
7321.724947916666
7389.496229166667
7367.132239583333
7408.66009375
7510.829114583334
7573.532031249999
7532.399625
7538.952708333336
7351.050270833331
7301.511020833333
7105.5572604166655
7008.425677083333
6999.1395833333345
6991.893041666664
7063.884708333334
7185.1892499999985
7285.750281250001
7376.3616875
7210.776375000001
7316.37159375
8562.792749999999
9501.217760416666
9540.896864583334
9719.710885416667
7925.487531249999
7805.395510416665
7884.422468749999
7796.100739583333
7870.914916666666
8001.714499999998
7817.9642395833325
7448.649666666665
7703.294822916666
7836.47775
7663.352822916665
7697.0333125
7622.790010416665
7566.707937499999
7365.903437499999
7108.995135416664
7460.352406250003
7857.791322916667
7848.119416666668
8006.060093749997
8135.156156250001
8111.516687500001
8241.575291666668
8236.589989583334
8878.64897916667
8989.576187499999
8757.203781249998
8737.467708333332
8630.02577083333
8477.964958333334
6948.612822916667
6935.308781250002
7029.407281249999
7074.914875000001
7083.461833333334
7036.483375000001
7018.3207812499995
6952.846916666666
6953.006281250002
6936.1613541666675
6913.889239583333
6881.919427083334
6924.100322916667
7016.522270833331
7700.499604166666
7811.331208333335
7882.822520833333
7910.417041666667
7716.430125
7701.640229166668
7753.3201874999995
7194.641291666669
7092.691656249998
7004.075666666666
6866.655249999999
7051.927739583334
7156.65596875
7126.870791666667
7164.938166666667
7057.578218750001
7131.235072916666
7162.415906249998
7171.570135416666
7123.295239583333
7066.013875000001
7232.75836458333
7153.965979166667
7216.397593749998
7422.459312500001
7538.577125000001
7706.146447916669
7767.91740625
7698.291614583332
7615.179520833332
7742.820406250002
7719.383208333335
7834.737250000004
8192.350666666667
8058.382937500001
8155.434062500001
8233.498625
8325.439187499998
8258.914906249998
8240.670041666664
8036.168437499999
7836.65486458333
7824.756260416668
7833.184708333333
7718.065625
7700.850364583333
7755.662114583334
7821.577041666667
7874.135354166667
8008.689541666664
8087.288937500001
8294.145218749998
8429.535791666665
8371.414145833329
8231.193802083335
8120.745770833335
8187.218374999997
8348.814270833334
8195.944135416667
8148.100697916667
8093.164635416664
8079.4402812499975
8029.427427083336
8014.860781249999
8050.300302083329
8064.480927083335
8062.100302083332
8005.059697916666
8112.648687500002
8077.703489583335
8105.9816458333335
8191.10075
7916.932302083332
7959.258343750001
7589.7565625
7711.706520833333
7795.851781249999
7833.632604166667
7837.347864583333
7611.5756875
7773.416072916667
7913.622875000001
7848.9246250000015
7953.713854166665
7961.611645833331
7925.142343749999
7891.1329791666685
7857.671531250005
7779.241979166665
7744.125020833332
7735.343041666665
7902.744437499999
8151.072187500001
8226.314239583335
8211.650333333333
8136.6698541666665
8051.476093750001
8027.679885416665
8007.783354166664
7986.343666666664
7975.380958333333
8027.014875000001
8020.436802083333
8005.436833333334
7962.96740625
7894.151322916667
7854.9478541666695
7860.110739583332
7852.295114583334
7782.333354166668
7599.7055833333325
7609.2548124999985
7536.8180104166695
7465.4545312499995
7532.263187499999
7546.760781250001
7600.5832916666695
7616.566656250002
7649.340322916666
7776.763604166665
7792.055541666666
7859.1506458333315
7981.184697916668
8058.393760416666
7958.346114583335
8000.435354166667
7942.546854166666
8178.610479166665
8177.131187500002
8344.834322916664
8272.214531250002
8293.930989583334
8399.850687499998
8351.46867708333
8315.645135416667
8119.7465
8062.480562499998
8049.650010416672
8089.9058749999995
8129.630760416667
8080.435364583337
8301.843729166665
8322.257604166663
8254.572312500002
8398.071500000002
8355.456999999999
8320.65696875
8352.571208333333
8312.175666666666
8293.654135416666
8216.244416666665
8206.492375000002
8342.723270833336
8440.729135416666
7991.030906249998
8013.488187499998
8226.684749999999
8350.647520833336
8324.300052083336
8261.023999999998
8276.00271875
8180.271114583332
8136.010427083335
7962.705875000001
7709.330604166668
7719.951322916667
7842.569687499999
7752.903499999999
8043.256562499999
8242.191374999999
8157.0471875
8473.082260416666
8560.630520833334
8473.393333333335
8409.39384375
8413.727833333334
8480.42571875
8425.122958333333
8391.224635416667
8473.719802083333
8614.690635416666
8649.534395833334
8534.480239583336
8446.194395833332
8439.432989583333
8051.437531249998
7813.122208333337
8913.590947916668
9074.2855
8671.340562499996
8607.4210625
8479.060020833334
8384.157260416667
8112.253822916666
8042.490604166667
8243.995854166666
8139.330503125001
8415.081947916668
8437.394062500005
8480.262572916668
8620.6795625
8568.325401041668
8489.31170833333
8374.696840104167
8316.05590625
8255.256875000001
7833.318079687499
7732.802375000001
7612.290312499999
6971.0426885416655
4176.831585416667
3943.9895833333326
3947.3229166666656
3950.656249999999
3953.9895833333317
3749.369449583334
5948.738196875001
6867.573231250001
6740.961410416665
6715.320489583334
6714.146874999999
6717.503125000001
6716.226375000001
6710.370135416667
6731.922229166667
6775.3482604166675
6722.505572916667
6715.908333333334
6723.145104166668
6725.745135416667
6730.904166666666
6732.459364583335
6743.297916666668
6753.208333333335
6719.779510416668
7582.793354166666
7839.420812499999
8098.771583333333
8029.405552083334
7914.469802083332
8149.975822916666
8165.023208333333
8334.804114583334
8337.083374999998
9021.3739375
9270.545791666666
9507.957572916666
8722.430500000002
8727.692697916667
8699.141291666669
8643.120791666668
8662.400333333333
8692.916656250001
8631.327010416668
8676.44890625
8510.853739583332
8240.321624999997
8263.443489583333
8177.59271875
8265.538239583331
8166.193364583333
8120.404885416666
8184.631614583334
8126.070854166666
8137.142427083334
8242.787135416667
8162.753406250001
8258.379875000002
8390.420739583333
8508.963854166666
8466.949020833334
8546.186020833335
8419.284010416666
8539.347208333333
8463.843739583335
8369.834739583332
8341.684395833336
8360.280229166663
8223.157333333333
8099.507187499999
8088.586354166666
7996.754500000001
7790.369739583335
7927.269083333332
8168.034520833333
8231.653875
8175.426781250001
8199.610437500001
8287.8461875
8388.9916875
8213.60171875
8284.523906249999
8396.02396875
8274.86246875
8371.963208333333
8339.340291666666
8369.130968750003
8350.57113541667
8287.018770833336
8185.16453125
8025.736072916668
8121.37013541667
8163.508937500003
8003.8798124999985
8157.11878125
8068.113239583335
8156.238166666668
7942.688135416668
7818.971510416667
7494.015947916665
7382.376291666666
7416.845812499999
7562.614031250002
7571.890260416667
7615.228447916666
7676.094125
7689.762833333335
7662.032593750001
7656.497114583334
7685.1688125
7794.606322916665
7964.769145833333
8260.770833333332
8264.104166666666
8267.437499999998
8270.770833333334
8274.104166666668
8277.437499999998
8280.770833333332
8284.104166666666
8297.3336875
8276.279812499999
8039.079802083332
8019.546187499999
8196.610718749998
8167.089197916666
8012.732999999997
7896.639916666666
7861.049427083335
8162.7499375
8137.529270833334
8258.63125
8695.66632291667
8725.342260416668
8996.621208333332
9128.54370833333
9012.456645833332
9159.6073125
9196.8764375
8636.585687499999
8461.795489583334
8367.011114583334
7963.237510416665
7880.258989583333
8024.094458333332
7955.083635416664
8276.840260416668
8155.862124999999
8086.057020833334
8204.187427083332
8517.18990625
8389.779906250002
8482.465208333333
8392.757041666662
8395.101041666665
8441.265645833333
8853.417104166665
9237.625354166668
9327.74789583333
9040.27259375
8959.259468749999
9527.694864583333
9727.359093749996
9347.659302083333
9125.397187499997
9102.25035416667
9056.289854166667
8987.397416666665
8936.051739583329
8852.748697916664
9044.548614583333
9166.170218749998
9354.330239583334
9175.246906249997
9027.17740625
8873.615697916668
8539.107697916666
8878.35336458333
9808.792072916669
9820.692395833335
9636.013520833332
9791.19653125
9758.863947916667
9771.531979166668
10062.253864583337
10017.003781250003
10025.142010416668
9877.5309375
9679.167
9570.002531250002
9473.41534375
9456.505604166667
9477.626
9529.634416666666
9667.225135416667
9715.043343750001
9954.124291666667
9176.434822916666
8805.512083333335
8999.523656250003
8956.05346875
9058.402083333332
9218.80634375
9192.046197916667
9151.578104166663
9088.239270833334
8987.183270833333
9361.732177083335
9270.463885416668
9353.050635416668
9256.860791666666
9191.929124999999
9008.942374999999
9037.361822916668
8882.493677083334
8793.64090625
8661.540614583331
8726.787125000003
8663.180927083335
8708.612145833333
8783.094041666662
9088.652427083334
9236.242281249999
9250.323645833334
9364.04265625
9434.411062500001
9479.601885416667
9528.940322916666
9479.985395833333
9235.883541666664
9431.713177083335
9246.075604166665
9280.699979166668
9274.568833333335
9488.105260416665
9487.023197916667
9406.989541666668
9379.297552083332
9302.086395833334
9433.817947916668
9289.988145833333
9384.392354166666
9352.697583333334
9558.633354166666
9601.028104166668
9417.181864583334
9348.045187500002
9465.576052083337
9481.062750000001
9348.351385416667
9491.87365625
9720.275270833337
9815.894052083333
9376.576843750001
9503.453802083335
9702.930916666666
9621.810770833334
9546.448333333332
9771.897510416668
9713.562145833332
9753.367416666668
9746.926739583338
9760.583916666665
9787.002197916663
9620.110520833334
9577.331687500002
9485.664
9490.376124999999
9468.241322916667
9450.07865625
9296.738635416665
9264.910083333332
9200.711833333336
9546.725770833333
9581.531270833337
9682.692093749998
9566.679177083337
9656.007270833332
9769.18784375
9881.799395833334
9201.817135416668
9284.747604166667
9396.152114583336
9205.568333333335
9056.948979166667
9178.551385416666
9211.638208333334
9206.049260416667
9216.349364583333
9213.025333333335
9249.072114583336
8980.143989583334
8900.091302083334
8707.338166666666
8839.451708333334
9019.549010416667
8948.437447916664
8915.096489583333
9085.442822916668
9100.268718750001
9045.31735416667
8840.15484375
9261.514906250002
9555.85934375
9459.465302083332
9344.877041666668
9402.840031249998
9253.376239583333
9296.046125
9241.984770833333
9102.711427083332
9310.366000000002
9106.872552083334
9065.89653125
9226.308229166667
9238.957322916665
9080.262197916669
9115.315947916668
8898.148958333333
8706.247583333336
8730.377781250003
8713.280875000002
8612.797895833335
8530.858427083334
8492.80040625
8394.166000000001
8553.714583333332
8610.783708333336
8677.712802083333
8793.009385416664
8858.530875
8865.584385416667
8873.562177083333
8958.868510416669
8940.66771875
8875.56425
8725.409354166668
8808.889927083332
8829.819479166666
8804.083000000002
8765.463531249998
8668.208031249998
8456.518010416665
8964.060072916667
8931.708291666666
8798.863322916666
8928.589635416669
8919.643479166665
8906.018375
8936.194791666665
9028.685500000001
9010.710135416666
8944.138114583335
8832.44520833333
8764.950572916669
8791.219729166665
8847.746583333332
8758.038249999998
8627.725416666666
8468.8811875
8346.764947916668
8390.7945
8511.216604166664
8820.984072916666
8655.692697916667
8697.174739583335
8698.529635416668
8562.827395833332
8684.6285625
8873.686135416667
9038.707989583332
8996.284312499998
8877.872989583333
8973.174708333332
8901.715645833332
8903.784656249998
8672.728552083337
8702.694802083332
8622.16453125
8593.23513541667
8754.46034375
8688.130947916667
8733.172479166666
8860.928135416669
9003.655875
9153.56040625
9153.525
9090.930958333332
9098.064572916668
9142.766208333334
9149.487520833334
9090.475968749999
8941.780364583336
8856.223635416667
8873.303083333334
8919.162197916668
8984.93969791667
8931.149395833332
8962.353062500002
9122.719093749996
9301.98951041667
9269.504187499999
9326.745031249997
9120.337437499998
9091.492052083331
8971.617624999999
8919.488947916667
8949.50485416667
8922.607281249999
8972.377499999999
9178.649312500002
9164.371135416668
9116.180177083334
9325.8018125
9397.548895833334
9362.775729166664
9306.101781250001
9372.765229166665
9338.794010416668
9379.806218750002
9518.875052083336
9505.146906249998
9509.580218749996
9125.232270833334
9037.703104166661
9137.164197916669
8989.805208333333
9093.070447916667
9211.995427083333
9292.897947916665
9277.084270833335
9469.4840625
9542.23190625
9502.55071875
9435.159395833332
9455.332624999995
9282.096906249999
9389.548375
9469.415500000001
9320.376062500001
9312.567979166666
9119.902718750001
9106.075333333334
8996.677875000001
8831.81415625
8972.12052083333
8918.700635416666
8949.255281249998
9727.849989583328
9958.707593750003
10018.125781249999
9988.84084375
9826.677739583332
9662.367989583337
9555.159041666666
9269.593312500001
9078.394760416666
9095.027427083336
9367.914187500002
9610.631229166662
9586.414854166665
9701.402041666664
9629.469468750003
9683.662510416667
9575.892145833335
9589.228458333333
9706.935062499999
9624.30795833333
9899.043395833332
10027.918041666666
10093.642010416666
10145.917552083332
10149.073624999999
10022.901010416666
10207.127218749998
9815.675052083332
9673.884791666667
9658.540927083337
9570.306864583334
9418.742739583338
9603.633322916667
9656.85625
9546.893416666668
9935.837843749996
10067.019312499999
10122.503427083328
9902.991291666667
9631.5270625
9951.041624999998
9645.534760416667
9778.454197916666
9381.009302083332
9079.417333333335
9206.164562500002
8947.587135416668
8297.925322916666
7994.700687499999
7908.219729166665
7890.061083333333
7759.156218749999
7757.882197916667
7597.422250000001
7547.89446875
7417.6809583333325
7332.724
7346.973260416667
7545.037114583335
8048.190562499999
8658.105249999997
8585.202239583334
8338.075822916666
8377.304135416665
8039.412145833334
7943.153416666665
7989.6084062499995
7835.664614583333
8003.043104166665
8030.335822916667
7811.675395833333
7844.131895833334
7699.045802083332
8125.78748958333
8215.982645833332
8197.08678125
8139.49240625
8119.1926666666695
8105.506666666665
8081.530947916667
8044.011572916665
8043.731635416666
7909.656729166668
7990.150374999999
8390.70578125
8536.072958333334
8575.331937500001
8830.867041666666
8831.282239583334
8756.443072916663
8732.413927083333
8804.088468750002
8657.646197916669
8474.395916666668
8261.330822916669
8010.117416666665
7745.6163020833355
7725.486739583332
7743.540291666668
7604.247968749999
7418.572260416667
7368.962208333335
7338.951739583332
7327.889614583336
7284.213208333332
7277.9483125000015
7239.817729166665
7177.735395833333
7169.446187500001
6991.760739583334
7054.01675
7072.364229166666
7173.903104166666
7257.177468750002
7321.724947916666
7389.496229166667
7367.132239583333
7408.66009375
7510.829114583334
7573.532031249999
7532.399625
7538.952708333336
7351.050270833331
7301.511020833333
7105.5572604166655
7008.425677083333
6999.1395833333345
6991.893041666664
7063.884708333334
7185.1892499999985
7285.750281250001
7376.3616875
7210.776375000001
7316.37159375
8562.792749999999
9501.217760416666
9540.896864583334
9719.710885416667
7925.487531249999
7805.395510416665
7884.422468749999
7796.100739583333
7870.914916666666
8001.714499999998
7817.9642395833325
7448.649666666665
7703.294822916666
7836.47775
7663.352822916665
7697.0333125
7622.790010416665
7566.707937499999
7365.903437499999
7108.995135416664
7460.352406250003
7857.791322916667
7848.119416666668
8006.060093749997
8135.156156250001
8111.516687500001
8241.575291666668
8236.589989583334
8878.64897916667
8989.576187499999
8757.203781249998
8737.467708333332
8630.02577083333
8477.964958333334
7806.826114583334
9362.775729166664
