8.540532050000001618e+01
8.723758039999998459e+01
8.843283089999998481e+01
8.843498290000000850e+01
8.821108759999999904e+01
8.774350210000000061e+01
8.482801610000002768e+01
8.460566069999998717e+01
8.520954980000000489e+01
8.589069670000002077e+01
8.725846319999996581e+01
8.969773949999999729e+01
8.796127019999998708e+01
9.009166639999997983e+01
8.958375099999999236e+01
8.838701369999999713e+01
8.754502780000002815e+01
8.447663969999999267e+01
8.856782259999998530e+01
8.881256340000000193e+01
8.924793369999999015e+01
9.072632199999995350e+01
9.044588720000001558e+01
8.972864029999999502e+01
7.375588669999999070e+01
7.265433640000000537e+01
7.258810700000000793e+01
7.149880369999999630e+01
7.209308630000001017e+01
7.249154980000000137e+01
6.954618030000000317e+01
6.932822310000000243e+01
6.970224960000000181e+01
6.918831959999998560e+01
6.778207009999999855e+01
6.791266679999999667e+01
6.953955729999998425e+01
6.738387760000000526e+01
7.097199360000001889e+01
7.710063180000001637e+01
7.792822680000000446e+01
7.414069690000000890e+01
7.140872630000001209e+01
7.687897960000000808e+01
7.625460979999999722e+01
7.438866960000001427e+01
7.184289309999999773e+01
7.455544719999998904e+01
8.068585089999996285e+01
8.229466240000002131e+01
8.250486280000001216e+01
8.010553320000002486e+01
7.890839269999997896e+01
7.884760650000001192e+01
7.796869600000002265e+01
7.489220620000001816e+01
7.408222960000000512e+01
7.362817660000000330e+01
7.524710989999999811e+01
7.603411330000000135e+01
7.990801050000000316e+01
8.460672359999999514e+01
8.420022670000000176e+01
9.452342369999999505e+01
8.921404350000000250e+01
8.718555909999997766e+01
8.484797569999997791e+01
8.663293629999999723e+01
8.716019429999997215e+01
8.726365630000000806e+01
8.546522009999998204e+01
8.428384699999999441e+01
6.453605350000000840e+01
6.447272000000000958e+01
6.454219300000001169e+01
6.456715330000000108e+01
6.461668000000000234e+01
6.463160990000001505e+01
6.473566000000000997e+01
6.483080000000001064e+01
6.450988330000001270e+01
7.279481619999998543e+01
7.525843979999999078e+01
7.774820719999999596e+01
7.708229330000000346e+01
7.597891009999999312e+01
7.823976790000000392e+01
7.838422280000000342e+01
8.001411950000000672e+01
8.003600039999997762e+01
8.660518980000000511e+01
8.899723959999998613e+01
9.127639270000000238e+01
8.373533280000002321e+01
8.378584990000001653e+01
8.351175640000002431e+01
7.949443990000003168e+01
8.122209090000001197e+01
8.143815700000000390e+01
8.222603979999999524e+01
8.236771090000000584e+01
8.071324429999998529e+01
8.028082339999996009e+01
7.574917949999996836e+01
7.435044709999999668e+01
7.270703720000000203e+01
7.269613599999999565e+01
7.425908069999996997e+01
7.579301970000000210e+01
7.787402739999998857e+01
7.980946730000000855e+01
7.907604990000001521e+01
7.997041380000001709e+01
8.141983739999999159e+01
8.063002570000000446e+01
8.057773039999997877e+01
7.985578929999996944e+01
7.966903680000000065e+01
7.872977339999999913e+01
7.950152319999999406e+01
8.125289990000001694e+01
8.035041349999997351e+01
8.008017020000001196e+01
8.025869019999996112e+01
7.894231039999999666e+01
7.775526899999999841e+01
7.765042899999998838e+01
7.676884320000000628e+01
7.478754950000001145e+01
7.610178319999998564e+01
7.841313139999999748e+01
7.902387720000000115e+01
7.848409710000001382e+01
7.871626020000000779e+01
7.956332340000000158e+01
8.053432019999999625e+01
7.885057650000001672e+01
7.953142949999998734e+01
8.060183010000000081e+01
7.943867969999999445e+01
8.037084679999999537e+01
8.005766679999999269e+01
8.034365730000001804e+01
8.016548290000002908e+01
7.649979969999998275e+01
7.640742720000000077e+01
7.548902689999999893e+01
7.474578289999998049e+01
7.494501920000001860e+01
7.468920350000001918e+01
7.474998739999998065e+01
7.529455049999999972e+01
7.745611400000001368e+01
7.635408590000001539e+01
7.798999640000000966e+01
7.815352049999998485e+01
7.782376590000001215e+01
7.925316930000001037e+01
7.749756049999999163e+01
7.622074460000001750e+01
7.555879030000001251e+01
7.600835039999999765e+01
7.782264279999998280e+01
7.691883659999999168e+01
7.839579690000000767e+01
8.008149960000001499e+01
8.261688010000000304e+01
8.282297339999999508e+01
8.338836009999998566e+01
7.922459309999997856e+01
7.699235350000000722e+01
7.593924029999999448e+01
7.461626010000000520e+01
7.458988770000001978e+01
7.416872319999998808e+01
7.374462700000002258e+01
7.228293730000001460e+01
7.136086989999998309e+01
7.352851940000002173e+01
7.524667369999997391e+01
7.767073309999999253e+01
7.735366669999999090e+01
7.931763280000001259e+01
7.848338320000002000e+01
8.035260289999997951e+01
7.887899670000000185e+01
7.954346030000002088e+01
8.011020709999998246e+01
7.617820990000001302e+01
7.759789600000000576e+01
8.105192370000000324e+01
8.058338640000002329e+01
7.184008919999999421e+01
7.044359420000000682e+01
7.047229420000000744e+01
7.166538089999998817e+01
7.101567400000001840e+01
7.057069429999999954e+01
7.006127349999999865e+01
7.031019360000000518e+01
6.977286929999999643e+01
7.187543600000000765e+01
7.493749699999999336e+01
7.651598630000002288e+01
7.962710639999997397e+01
7.837335350000000744e+01
7.683811009999996600e+01
7.685438009999998599e+01
7.907192959999999005e+01
7.900548349999998266e+01
8.037005990000001532e+01
7.862556070000002251e+01
7.818745549999998445e+01
7.640068050000002131e+01
7.584194290000002070e+01
7.556586969999999326e+01
8.067693979999998533e+01
7.899939410000001772e+01
7.650850710000001698e+01
7.684040299999999490e+01
7.636035390000000689e+01
7.640186699999999576e+01
7.578556319999999857e+01
7.560808620000000246e+01
7.487342309999999657e+01
7.367712700000001291e+01
7.582409680000000662e+01
7.799706439999998508e+01
7.660658010000000218e+01
7.661489310000000330e+01
7.909102029999998251e+01
7.965996650000001011e+01
8.031816059999999879e+01
8.117897399999999664e+01
8.196729629999998679e+01
8.101666680000002430e+01
8.106303969999999026e+01
7.860966300000001183e+01
7.796725380000000882e+01
7.681744950000000927e+01
7.494553070000000616e+01
8.988264699999996310e+01
