ResourceBalances,Period,Time,GWP_supply
Electricity,1,1,0.0642593341125
Electricity,1,2,0.06784295618
Electricity,1,3,0.061552359215000005
Electricity,1,4,0.0653578975425
Electricity,1,5,0.06559061067000001
Electricity,1,6,0.07185084111000001
Electricity,1,7,0.06858635063
Electricity,1,8,0.077330155695
Electricity,1,9,0.0775894015775
Electricity,1,10,0.06988620915749999
Electricity,1,11,0.0685068115175
Electricity,1,12,0.062101831175000004
Electricity,1,13,0.06066432911
Electricity,1,14,0.0605434833025
Electricity,1,15,0.0536474338175
Electricity,1,16,0.050932869070000004
Electricity,1,17,0.053325049230000005
Electricity,1,18,0.0655374769925
Electricity,1,19,0.0677376467575
Electricity,1,20,0.0668328137875
Electricity,1,21,0.064248644765
Electricity,1,22,0.06840248113749998
Electricity,1,23,0.06757051194000001
Electricity,1,24,0.06253588555999999
Electricity,2,1,0.16188133740000002
Electricity,2,2,0.096794989875
Electricity,2,3,0.126161644175
Electricity,2,4,0.074976230565
Electricity,2,5,0.0945238198975
Electricity,2,6,0.12395635672500001
Electricity,2,7,0.07349329428
Electricity,2,8,0.0784764542925
Electricity,2,9,0.08179107623
Electricity,2,10,0.0607191240825
Electricity,2,11,0.0417056351
Electricity,2,12,0.034469441074999996
Electricity,2,13,0.0465942676875
Electricity,2,14,0.0543072580825
Electricity,2,15,0.050899967355
Electricity,2,16,0.0397307444475
Electricity,2,17,0.054654117035
Electricity,2,18,0.0657684471425
Electricity,2,19,0.0687045808475
Electricity,2,20,0.09608464413750001
Electricity,2,21,0.18924360242500002
Electricity,2,22,0.17477574612500002
Electricity,2,23,0.222277006075
Electricity,2,24,0.210803848625
Electricity,3,1,0.0648635094075
Electricity,3,2,0.06367229871
Electricity,3,3,0.052101306127500004
Electricity,3,4,0.0499326291025
Electricity,3,5,0.052317332550000005
Electricity,3,6,0.0598530912975
Electricity,3,7,0.0668109496275
Electricity,3,8,0.07383559859000001
Electricity,3,9,0.070624497835
Electricity,3,10,0.0683449689325
Electricity,3,11,0.07042919229
Electricity,3,12,0.062038720384999996
Electricity,3,13,0.062012085849999996
Electricity,3,14,0.0560572233325
Electricity,3,15,0.0602128223675
Electricity,3,16,0.0650546557725
Electricity,3,17,0.06464639112500001
Electricity,3,18,0.06518768435
Electricity,3,19,0.0668212832775
Electricity,3,20,0.06535202204999999
Electricity,3,21,0.060806957095
Electricity,3,22,0.05866396778
Electricity,3,23,0.0711957845675
Electricity,3,24,0.061832035060000005
Electricity,4,1,0.137951295275
Electricity,4,2,0.12245236675
Electricity,4,3,0.131852027125
Electricity,4,4,0.12279812984999999
Electricity,4,5,0.1053619686825
Electricity,4,6,0.1008004920275
Electricity,4,7,0.06954093209750001
Electricity,4,8,0.0607641253725
Electricity,4,9,0.07724374485
Electricity,4,10,0.08116460197250001
Electricity,4,11,0.078075899565
Electricity,4,12,0.089776374065
Electricity,4,13,0.0932536517875
Electricity,4,14,0.0807269852025
Electricity,4,15,0.0751210378075
Electricity,4,16,0.09149212452250001
Electricity,4,17,0.10151763751500001
Electricity,4,18,0.0833085891825
Electricity,4,19,0.08012930324
Electricity,4,20,0.10279309369499999
Electricity,4,21,0.106116597875
Electricity,4,22,0.11425505475
Electricity,4,23,0.111366305225
Electricity,4,24,0.1066522722
Electricity,5,1,0.032413450654999995
Electricity,5,2,0.03023564639
Electricity,5,3,0.0281234561775
Electricity,5,4,0.0309136667625
Electricity,5,5,0.033356476759999996
Electricity,5,6,0.029401669625
Electricity,5,7,0.03108909229
Electricity,5,8,0.0332565192225
Electricity,5,9,0.0380120746775
Electricity,5,10,0.0453141708475
Electricity,5,11,0.044426056662500005
Electricity,5,12,0.058367215275
Electricity,5,13,0.056586407265
Electricity,5,14,0.0473474710475
Electricity,5,15,0.048324367465000004
Electricity,5,16,0.041048784015
Electricity,5,17,0.0388495610525
Electricity,5,18,0.03277113416250001
Electricity,5,19,0.0304684021925
Electricity,5,20,0.0331875589
Electricity,5,21,0.02862778962
Electricity,5,22,0.0348531945475
Electricity,5,23,0.033700192862500006
Electricity,5,24,0.0327751589225
Electricity,6,1,0.0664133466125
Electricity,6,2,0.061855143437499996
Electricity,6,3,0.0642361869125
Electricity,6,4,0.0567394586825
Electricity,6,5,0.0532644844025
Electricity,6,6,0.045407868522500006
Electricity,6,7,0.03926229003
Electricity,6,8,0.04023413729
Electricity,6,9,0.0571078022475
Electricity,6,10,0.058204147685
Electricity,6,11,0.06681008779
Electricity,6,12,0.055518382515
Electricity,6,13,0.0495596117075
Electricity,6,14,0.04462379098
Electricity,6,15,0.0372448675575
Electricity,6,16,0.0398964450975
Electricity,6,17,0.031263646375
Electricity,6,18,0.028421369665
Electricity,6,19,0.043514783995
Electricity,6,20,0.06588665443
Electricity,6,21,0.0762452627575
Electricity,6,22,0.064279833085
Electricity,6,23,0.06397391870250001
Electricity,6,24,0.07138513788499999
Electricity,7,1,0.03779608023
Electricity,7,2,0.035341426902499994
Electricity,7,3,0.032006454834999996
Electricity,7,4,0.029611257515
Electricity,7,5,0.03196529017
Electricity,7,6,0.02901361313
Electricity,7,7,0.032000003784999995
Electricity,7,8,0.0349979355025
Electricity,7,9,0.07735885602
Electricity,7,10,0.08181642980750001
Electricity,7,11,0.08114960979500001
Electricity,7,12,0.07975845068
Electricity,7,13,0.08300392379999999
Electricity,7,14,0.08233749353
Electricity,7,15,0.07713481391499999
Electricity,7,16,0.0642200981175
Electricity,7,17,0.03400377365
Electricity,7,18,0.027674187215
Electricity,7,19,0.031149184725
Electricity,7,20,0.02817000904
Electricity,7,21,0.0258633609225
Electricity,7,22,0.04558673781
Electricity,7,23,0.037666584862500005
Electricity,7,24,0.0397980074425
Electricity,8,1,0.037083820265
Electricity,8,2,0.038428527845000005
Electricity,8,3,0.0333396263575
Electricity,8,4,0.0286201448925
Electricity,8,5,0.028392537915
Electricity,8,6,0.025914203337499997
Electricity,8,7,0.0308458380075
Electricity,8,8,0.06236466049250001
Electricity,8,9,0.06543818663999999
Electricity,8,10,0.07185680095
Electricity,8,11,0.08030299246999999
Electricity,8,12,0.076527388005
Electricity,8,13,0.0767320602075
Electricity,8,14,0.0864416084425
Electricity,8,15,0.06570932041500001
Electricity,8,16,0.051062110445
Electricity,8,17,0.032555509295
Electricity,8,18,0.030057851992500002
Electricity,8,19,0.0320795833975
Electricity,8,20,0.0281519209025
Electricity,8,21,0.026120903887499998
Electricity,8,22,0.029525447535000002
Electricity,8,23,0.03339208225
Electricity,8,24,0.039244685175
Electricity,9,1,0.061139695545000004
Electricity,9,2,0.059128723774999996
Electricity,9,3,0.06814672622500001
Electricity,9,4,0.07343695253499999
Electricity,9,5,0.0712474685675
Electricity,9,6,0.07107758212
Electricity,9,7,0.077498734915
Electricity,9,8,0.08332442599
Electricity,9,9,0.0872211277675
Electricity,9,10,0.080423134155
Electricity,9,11,0.068609513885
Electricity,9,12,0.0700000720375
Electricity,9,13,0.0639372323325
Electricity,9,14,0.0667033127225
Electricity,9,15,0.06869826940499998
Electricity,9,16,0.0868978022375
Electricity,9,17,0.0726086731275
Electricity,9,18,0.0273721466125
Electricity,9,19,0.027537982960000002
Electricity,9,20,0.027007616720000002
Electricity,9,21,0.02664759809
Electricity,9,22,0.0279677912675
Electricity,9,23,0.02700717956
Electricity,9,24,0.0295282498
Electricity,10,1,0.0720673013
Electricity,10,2,0.0622201437025
Electricity,10,3,0.044875753535
Electricity,10,4,0.03521378253
Electricity,10,5,0.042097909360000005
Electricity,10,6,0.0408320618525
Electricity,10,7,0.0400705140875
Electricity,10,8,0.036901843552499994
Electricity,10,9,0.035923098502499994
Electricity,10,10,0.04926843559999999
Electricity,10,11,0.07052680003
Electricity,10,12,0.060916017315
Electricity,10,13,0.056103942772500005
Electricity,10,14,0.050876635842500004
Electricity,10,15,0.046667542330000006
Electricity,10,16,0.041324167895
Electricity,10,17,0.037570555157500005
Electricity,10,18,0.0317240079475
Electricity,10,19,0.0286879929975
Electricity,10,20,0.028329999999999998
Electricity,10,21,0.027239999999999997
Electricity,10,22,0.025835969535
Electricity,10,23,0.025213799725
Electricity,10,24,0.0274350917075
Electricity,11,1,0.034393650072500004
Electricity,12,1,0.026525927912499997
