ResourceBalances,Period,Time,GWP_supply
Electricity,1,1,0.129358737425
Electricity,1,2,0.11969795412499999
Electricity,1,3,0.092313171255
Electricity,1,4,0.08132291686
Electricity,1,5,0.09277040639
Electricity,1,6,0.0984938810825
Electricity,1,7,0.109364044775
Electricity,1,8,0.1062834718
Electricity,1,9,0.119103402925
Electricity,1,10,0.107088301475
Electricity,1,11,0.07961945244499999
Electricity,1,12,0.0701754799525
Electricity,1,13,0.060412459985
Electricity,1,14,0.052772604135000005
Electricity,1,15,0.041909010925
Electricity,1,16,0.0494687255175
Electricity,1,17,0.04320976849
Electricity,1,18,0.0570266863175
Electricity,1,19,0.0789073289725
Electricity,1,20,0.0868576348
Electricity,1,21,0.0658561127775
Electricity,1,22,0.066653392335
Electricity,1,23,0.09131819134750001
Electricity,1,24,0.0848452393475
Electricity,1,25,0.0641791668675
Electricity,1,26,0.030988830337500002
Electricity,1,27,0.042517321850000005
Electricity,1,28,0.0359584443925
Electricity,1,29,0.0424147891575
Electricity,1,30,0.054764392217500006
Electricity,1,31,0.051776082825
Electricity,1,32,0.05533981882
Electricity,1,33,0.058146946515000006
Electricity,1,34,0.047413246265
Electricity,1,35,0.036061604665
Electricity,1,36,0.0379137561875
Electricity,1,37,0.0376609633725
Electricity,1,38,0.043748422455
Electricity,1,39,0.0544433278375
Electricity,1,40,0.04973212355
Electricity,1,41,0.042573535975
Electricity,1,42,0.0576196079275
Electricity,1,43,0.059283816682500004
Electricity,1,44,0.06750913474499999
Electricity,1,45,0.07062215737750001
Electricity,1,46,0.068720458635
Electricity,1,47,0.06643434485500001
Electricity,1,48,0.0541898984475
Electricity,1,49,0.047861382845
Electricity,1,50,0.05544736866
Electricity,1,51,0.052582919740000005
Electricity,1,52,0.0502632424875
Electricity,1,53,0.0556203137125
Electricity,1,54,0.0585114311775
Electricity,1,55,0.05347556323
Electricity,1,56,0.0448791706925
Electricity,1,57,0.03645035087
Electricity,1,58,0.03955880183
Electricity,1,59,0.033444438732500005
Electricity,1,60,0.03302153369
Electricity,1,61,0.0332177204475
Electricity,1,62,0.031733791225
Electricity,1,63,0.027769931977500002
Electricity,1,64,0.027314868915000002
Electricity,1,65,0.025446669467500002
Electricity,1,66,0.02873684413
Electricity,1,67,0.0322048687975
Electricity,1,68,0.0433430170125
Electricity,1,69,0.09158386219
Electricity,1,70,0.07678430294500001
Electricity,1,71,0.105313398575
Electricity,1,72,0.062847308095
Electricity,1,73,0.09337485592
Electricity,1,74,0.08470801671
Electricity,1,75,0.064425699885
Electricity,1,76,0.065368259715
Electricity,1,77,0.07729640278
Electricity,1,78,0.0749824329425
Electricity,1,79,0.02354834183
Electricity,1,80,0.024829999999999998
Electricity,1,81,0.02504
Electricity,1,82,0.02584
Electricity,1,83,0.02598
Electricity,1,84,0.02650554075
Electricity,1,85,0.0256381142175
Electricity,1,86,0.02624
Electricity,1,87,0.02568
Electricity,1,88,0.02506
Electricity,1,89,0.02619
Electricity,1,90,0.02656
Electricity,1,91,0.026670000000000003
Electricity,1,92,0.026629999999999997
Electricity,1,93,0.030613832335
Electricity,1,94,0.057717242597499996
Electricity,1,95,0.0758731036925
Electricity,1,96,0.103892051335
Electricity,1,97,0.07308057422499999
Electricity,1,98,0.0681424263725
Electricity,1,99,0.068393463855
Electricity,1,100,0.0635360814725
Electricity,1,101,0.0600665844325
Electricity,1,102,0.036529170415000006
Electricity,1,103,0.0260293680075
Electricity,1,104,0.02647
Electricity,1,105,0.0265
Electricity,1,106,0.028817543964999998
Electricity,1,107,0.0276142705625
Electricity,1,108,0.0284305824875
Electricity,1,109,0.03048735486
Electricity,1,110,0.028814302295
Electricity,1,111,0.0320791351425
Electricity,1,112,0.0347585103575
Electricity,1,113,0.035129705317499996
Electricity,1,114,0.036633077534999996
Electricity,1,115,0.046747475925000004
Electricity,1,116,0.05937503432
Electricity,1,117,0.043237280069999995
Electricity,1,118,0.03605863214
Electricity,1,119,0.044013144417500004
Electricity,1,120,0.05404158412
Electricity,1,121,0.031096797975
Electricity,1,122,0.034444457162500004
Electricity,1,123,0.0292529322525
Electricity,1,124,0.0321045359625
Electricity,1,125,0.035314888325
Electricity,1,126,0.032016123485
Electricity,1,127,0.0447536658675
Electricity,1,128,0.0462141595725
Electricity,1,129,0.0355646793575
Electricity,1,130,0.0360289850975
Electricity,1,131,0.036881780842499996
Electricity,1,132,0.04144131285
Electricity,1,133,0.04354783737
Electricity,1,134,0.042727717134999996
Electricity,1,135,0.0418440659575
Electricity,1,136,0.0410882457225
Electricity,1,137,0.0351495684275
Electricity,1,138,0.04181816644
Electricity,1,139,0.071788152525
Electricity,1,140,0.0817269942275
Electricity,1,141,0.06597566840249999
Electricity,1,142,0.0481117788475
Electricity,1,143,0.0634424386325
Electricity,1,144,0.05337667304
Electricity,1,145,0.052973703365000006
Electricity,1,146,0.0487523673275
Electricity,1,147,0.045498699895
Electricity,1,148,0.038544124789999995
Electricity,1,149,0.041625166219999996
Electricity,1,150,0.0437401599025
Electricity,1,151,0.044515759457500005
Electricity,1,152,0.045550919102500004
Electricity,1,153,0.044396716525000005
Electricity,1,154,0.04423435375
Electricity,1,155,0.0420208512
Electricity,1,156,0.045324635020000004
Electricity,1,157,0.05215429198
Electricity,1,158,0.0529499194875
Electricity,1,159,0.0488675647825
Electricity,1,160,0.047175020572500004
Electricity,1,161,0.04422472149
Electricity,1,162,0.0462345830975
Electricity,1,163,0.0507973176025
Electricity,1,164,0.05357197258
Electricity,1,165,0.052393681317499996
Electricity,1,166,0.045165880152500004
Electricity,1,167,0.045864504555000005
Electricity,1,168,0.046538430990000004
Electricity,2,1,0.03957977839500001
Electricity,2,2,0.04700659509
Electricity,2,3,0.054543176065
Electricity,2,4,0.0656078968625
Electricity,2,5,0.06612852519000001
Electricity,2,6,0.06601347079
Electricity,2,7,0.071811746215
Electricity,2,8,0.06792407221749999
Electricity,2,9,0.0733409833625
Electricity,2,10,0.0662838353375
Electricity,2,11,0.0578716099525
Electricity,2,12,0.047099777735
Electricity,2,13,0.0312509572
Electricity,2,14,0.028290896475
Electricity,2,15,0.026235616197500002
Electricity,2,16,0.029925070105
Electricity,2,17,0.033071282075
Electricity,2,18,0.0323717104175
Electricity,2,19,0.03224697534
Electricity,2,20,0.032204572185
Electricity,2,21,0.0318400199625
Electricity,2,22,0.0295315393875
Electricity,2,23,0.029970274212500002
Electricity,2,24,0.032948952167500004
Electricity,2,25,0.0276343327075
Electricity,2,26,0.033390862034999996
Electricity,2,27,0.0349901251525
Electricity,2,28,0.0338100758
Electricity,2,29,0.0292635050925
Electricity,2,30,0.033878939430000005
Electricity,2,31,0.033137228632499995
Electricity,2,32,0.030550903275
Electricity,2,33,0.024800756665000003
Electricity,2,34,0.0240198326675
Electricity,2,35,0.02767310304
Electricity,2,36,0.0304941254625
Electricity,2,37,0.027659952045000002
Electricity,2,38,0.0261589022225
Electricity,2,39,0.030757654875
Electricity,2,40,0.030276575412500003
Electricity,2,41,0.028374213309999997
Electricity,2,42,0.034263368579999995
Electricity,2,43,0.0427388615175
Electricity,2,44,0.04115865153
Electricity,2,45,0.039106191425
Electricity,2,46,0.03111242245
Electricity,2,47,0.0348413331575
Electricity,2,48,0.0389672274125
Electricity,2,49,0.0617602793525
Electricity,2,50,0.04672720935
Electricity,2,51,0.0412242429475
Electricity,2,52,0.03559415115
Electricity,2,53,0.04474055294
Electricity,2,54,0.045226881587500004
Electricity,2,55,0.0384895761775
Electricity,2,56,0.044538434262499996
Electricity,2,57,0.051852805675
Electricity,2,58,0.050430454745
Electricity,2,59,0.06368976383500001
Electricity,2,60,0.049481584612500004
Electricity,2,61,0.053866809455000005
Electricity,2,62,0.054326613164999996
Electricity,2,63,0.04274067676
Electricity,2,64,0.04286676065
Electricity,2,65,0.046620964542500004
Electricity,2,66,0.0524046587575
Electricity,2,67,0.0573292392125
Electricity,2,68,0.07269829533500001
Electricity,2,69,0.0450091533625
Electricity,2,70,0.0580011423175
Electricity,2,71,0.051440099115000006
Electricity,2,72,0.04114971745
Electricity,2,73,0.041173592937499996
Electricity,2,74,0.0482661617825
Electricity,2,75,0.050437687575
Electricity,2,76,0.04690979698
Electricity,2,77,0.0421620221475
Electricity,2,78,0.0618722317275
Electricity,2,79,0.0657795773675
Electricity,2,80,0.0627923668325
Electricity,2,81,0.0734215410925
Electricity,2,82,0.059588038115000005
Electricity,2,83,0.0592489651625
Electricity,2,84,0.0569113344575
Electricity,2,85,0.0440007441025
Electricity,2,86,0.046291040265
Electricity,2,87,0.0440416998025
Electricity,2,88,0.051335017602500005
Electricity,2,89,0.059263694289999995
Electricity,2,90,0.05113025673
Electricity,2,91,0.060915131912500003
Electricity,2,92,0.05961895245
Electricity,2,93,0.06549903444
Electricity,2,94,0.0504265632575
Electricity,2,95,0.058448327065
Electricity,2,96,0.0876125595325
Electricity,2,97,0.0936217544
Electricity,2,98,0.0933817126375
Electricity,2,99,0.0829053419625
Electricity,2,100,0.072935740565
Electricity,2,101,0.075649349895
Electricity,2,102,0.0730988531375
Electricity,2,103,0.07436850334749999
Electricity,2,104,0.084351699425
Electricity,2,105,0.07939009335750001
Electricity,2,106,0.0602657531725
Electricity,2,107,0.069634103455
Electricity,2,108,0.058830745532500006
Electricity,2,109,0.067505776295
Electricity,2,110,0.06112577317
Electricity,2,111,0.0578326724275
Electricity,2,112,0.0434316261625
Electricity,2,113,0.0422853623675
Electricity,2,114,0.039538319844999996
Electricity,2,115,0.07711401295999999
Electricity,2,116,0.08562603393500001
Electricity,2,117,0.0531397709975
Electricity,2,118,0.056280095615
Electricity,2,119,0.052457227095
Electricity,2,120,0.086082009635
Electricity,2,121,0.1076405478
Electricity,2,122,0.10747895680000001
Electricity,2,123,0.0876784055
Electricity,2,124,0.081660560745
Electricity,2,125,0.08488440722749999
Electricity,2,126,0.0991636287925
Electricity,2,127,0.09104329344
Electricity,2,128,0.09651917664
Electricity,2,129,0.071621741745
Electricity,2,130,0.06696276649
Electricity,2,131,0.056987976592499996
Electricity,2,132,0.06054176165
Electricity,2,133,0.05473473556
Electricity,2,134,0.0543662033275
Electricity,2,135,0.0701273536525
Electricity,2,136,0.09494514467000001
Electricity,2,137,0.0869735334375
Electricity,2,138,0.0631481717725
Electricity,2,139,0.074019672105
Electricity,2,140,0.060516729464999995
Electricity,2,141,0.0716853432375
Electricity,2,142,0.05130717702
Electricity,2,143,0.04837632502999999
Electricity,2,144,0.0546314434625
Electricity,2,145,0.030523946545
Electricity,2,146,0.0530604582275
Electricity,2,147,0.06149907941
Electricity,2,148,0.0565190234825
Electricity,2,149,0.056745538150000004
Electricity,2,150,0.055466266210000004
Electricity,2,151,0.055150163565
Electricity,2,152,0.06533921754000001
Electricity,2,153,0.0589610571975
Electricity,2,154,0.045631669432499994
Electricity,2,155,0.0399295697625
Electricity,2,156,0.0405925118925
Electricity,2,157,0.049262249302500005
Electricity,2,158,0.046482936395
Electricity,2,159,0.0349195513775
Electricity,2,160,0.04317500514
Electricity,2,161,0.0524950593425
Electricity,2,162,0.060698853105
Electricity,2,163,0.06747617696000001
Electricity,2,164,0.062260640095
Electricity,2,165,0.0520280039625
Electricity,2,166,0.0552082869775
Electricity,2,167,0.0557902314575
Electricity,2,168,0.045459826335
Electricity,3,1,0.0642593341125
Electricity,3,2,0.06784295618
Electricity,3,3,0.061552359215000005
Electricity,3,4,0.0653578975425
Electricity,3,5,0.06559061067000001
Electricity,3,6,0.07185084111000001
Electricity,3,7,0.06858635063
Electricity,3,8,0.077330155695
Electricity,3,9,0.0775894015775
Electricity,3,10,0.06988620915749999
Electricity,3,11,0.0685068115175
Electricity,3,12,0.062101831175000004
Electricity,3,13,0.06066432911
Electricity,3,14,0.0605434833025
Electricity,3,15,0.0536474338175
Electricity,3,16,0.050932869070000004
Electricity,3,17,0.053325049230000005
Electricity,3,18,0.0655374769925
Electricity,3,19,0.0677376467575
Electricity,3,20,0.0668328137875
Electricity,3,21,0.064248644765
Electricity,3,22,0.06840248113749998
Electricity,3,23,0.06757051194000001
Electricity,3,24,0.06253588555999999
Electricity,3,25,0.0598119990375
Electricity,3,26,0.0676599350125
Electricity,3,27,0.06920287464250001
Electricity,3,28,0.0708298969275
Electricity,3,29,0.0881892067375
Electricity,3,30,0.0925007355175
Electricity,3,31,0.09578363959000001
Electricity,3,32,0.11326726605000001
Electricity,3,33,0.124893383175
Electricity,3,34,0.1149951911
Electricity,3,35,0.11103929415000001
Electricity,3,36,0.1096249603
Electricity,3,37,0.1043617488
Electricity,3,38,0.1022248691725
Electricity,3,39,0.10483013854499999
Electricity,3,40,0.10937086935000001
Electricity,3,41,0.118103497925
Electricity,3,42,0.131252376075
Electricity,3,43,0.14955368595
Electricity,3,44,0.14712407959999999
Electricity,3,45,0.145029718575
Electricity,3,46,0.11841206545
Electricity,3,47,0.145377645025
Electricity,3,48,0.10249464779999999
Electricity,3,49,0.105304155
Electricity,3,50,0.10596733455
Electricity,3,51,0.117915579375
Electricity,3,52,0.11503912225
Electricity,3,53,0.1188223886
Electricity,3,54,0.1009593739325
Electricity,3,55,0.061922387635
Electricity,3,56,0.049992436359999996
Electricity,3,57,0.0707056500125
Electricity,3,58,0.0823579182675
Electricity,3,59,0.09350337415
Electricity,3,60,0.105277924125
Electricity,3,61,0.09876604591999999
Electricity,3,62,0.107089004475
Electricity,3,63,0.1055072052
Electricity,3,64,0.08617304554500001
Electricity,3,65,0.071965399245
Electricity,3,66,0.05417484256
Electricity,3,67,0.0615045896425
Electricity,3,68,0.07412971142250001
Electricity,3,69,0.1061265414
Electricity,3,70,0.09790259090249999
Electricity,3,71,0.10691077435
Electricity,3,72,0.162778535525
Electricity,3,73,0.159837660475
Electricity,3,74,0.175740460525
Electricity,3,75,0.172293396025
Electricity,3,76,0.1777472976
Electricity,3,77,0.16914949885
Electricity,3,78,0.154250339
Electricity,3,79,0.1414126625
Electricity,3,80,0.1107100863
Electricity,3,81,0.08999134259500001
Electricity,3,82,0.11324560212500001
Electricity,3,83,0.1156232698
Electricity,3,84,0.122864922325
Electricity,3,85,0.130281201175
Electricity,3,86,0.14154791625
Electricity,3,87,0.13518997022499998
Electricity,3,88,0.12971450967499998
Electricity,3,89,0.08639591294
Electricity,3,90,0.0812693847775
Electricity,3,91,0.074417804835
Electricity,3,92,0.090507710885
Electricity,3,93,0.12578587305
Electricity,3,94,0.1207660666
Electricity,3,95,0.118556254975
Electricity,3,96,0.09243703139000001
Electricity,3,97,0.09678137482
Electricity,3,98,0.12294507034999999
Electricity,3,99,0.111681607925
Electricity,3,100,0.10427866229999999
Electricity,3,101,0.09923548189
Electricity,3,102,0.0997529958925
Electricity,3,103,0.08546703494999999
Electricity,3,104,0.08848037084499999
Electricity,3,105,0.090325064735
Electricity,3,106,0.08597948743
Electricity,3,107,0.07923374593
Electricity,3,108,0.10071768993249999
Electricity,3,109,0.10653260027499999
Electricity,3,110,0.11213596605
Electricity,3,111,0.119095011925
Electricity,3,112,0.123937890225
Electricity,3,113,0.0865907812775
Electricity,3,114,0.083124277305
Electricity,3,115,0.0655586763325
Electricity,3,116,0.0940537246325
Electricity,3,117,0.15430556654999997
Electricity,3,118,0.18303728545
Electricity,3,119,0.17628608742500002
Electricity,3,120,0.17022947167500002
Electricity,3,121,0.16188133740000002
Electricity,3,122,0.096794989875
Electricity,3,123,0.126161644175
Electricity,3,124,0.074976230565
Electricity,3,125,0.0945238198975
Electricity,3,126,0.12395635672500001
Electricity,3,127,0.07349329428
Electricity,3,128,0.0784764542925
Electricity,3,129,0.08179107623
Electricity,3,130,0.0607191240825
Electricity,3,131,0.0417056351
Electricity,3,132,0.034469441074999996
Electricity,3,133,0.0465942676875
Electricity,3,134,0.0543072580825
Electricity,3,135,0.050899967355
Electricity,3,136,0.0397307444475
Electricity,3,137,0.054654117035
Electricity,3,138,0.0657684471425
Electricity,3,139,0.0687045808475
Electricity,3,140,0.09608464413750001
Electricity,3,141,0.18924360242500002
Electricity,3,142,0.17477574612500002
Electricity,3,143,0.222277006075
Electricity,3,144,0.210803848625
Electricity,3,145,0.210099520125
Electricity,3,146,0.239126552575
Electricity,3,147,0.21786803345000003
Electricity,3,148,0.19937306942500002
Electricity,3,149,0.2095205722
Electricity,3,150,0.22881473295000002
Electricity,3,151,0.249161689325
Electricity,3,152,0.24440637502499998
Electricity,3,153,0.22941580875
Electricity,3,154,0.220784892625
Electricity,3,155,0.215536783725
Electricity,3,156,0.23375499965
Electricity,3,157,0.18778247945
Electricity,3,158,0.16985628227500002
Electricity,3,159,0.1770781625
Electricity,3,160,0.176248599475
Electricity,3,161,0.169811685625
Electricity,3,162,0.126152148225
Electricity,3,163,0.14245764722499998
Electricity,3,164,0.1623084098
Electricity,3,165,0.175592754125
Electricity,3,166,0.19049381829999998
Electricity,3,167,0.21780970852499998
Electricity,3,168,0.18948974459999998
Electricity,4,1,0.31107751969999997
Electricity,4,2,0.31520400174999996
Electricity,4,3,0.30422310945
Electricity,4,4,0.304538360775
Electricity,4,5,0.306894302725
Electricity,4,6,0.287997535
Electricity,4,7,0.30742701197500005
Electricity,4,8,0.280416726125
Electricity,4,9,0.2603671743
Electricity,4,10,0.211312080325
Electricity,4,11,0.2211911001
Electricity,4,12,0.202047644675
Electricity,4,13,0.173527501575
Electricity,4,14,0.18197448549999998
Electricity,4,15,0.189676910775
Electricity,4,16,0.203385495125
Electricity,4,17,0.19654453365
Electricity,4,18,0.172507629975
Electricity,4,19,0.180717788375
Electricity,4,20,0.21732245415
Electricity,4,21,0.306151143875
Electricity,4,22,0.29667767094999997
Electricity,4,23,0.3139275895
Electricity,4,24,0.32850835435
Electricity,4,25,0.314530139275
Electricity,4,26,0.300754888875
Electricity,4,27,0.300165678225
Electricity,4,28,0.32190055115
Electricity,4,29,0.28436564445
Electricity,4,30,0.191958795375
Electricity,4,31,0.09645078254249999
Electricity,4,32,0.06722272867
Electricity,4,33,0.09665726131249999
Electricity,4,34,0.13057650984999997
Electricity,4,35,0.223262381175
Electricity,4,36,0.194641215825
Electricity,4,37,0.18751899409999997
Electricity,4,38,0.174831255125
Electricity,4,39,0.17862889719999997
Electricity,4,40,0.162942034025
Electricity,4,41,0.07931627252500001
Electricity,4,42,0.061400723665000004
Electricity,4,43,0.0816871777175
Electricity,4,44,0.07937981411749999
Electricity,4,45,0.1641815401
Electricity,4,46,0.23199677137500002
Electricity,4,47,0.28767383589999995
Electricity,4,48,0.2920366916
Electricity,4,49,0.2880848978
Electricity,4,50,0.2871105783
Electricity,4,51,0.28436259610000003
Electricity,4,52,0.27892784562499995
Electricity,4,53,0.24766823124999998
Electricity,4,54,0.17638180825
Electricity,4,55,0.075281968595
Electricity,4,56,0.0610789508975
Electricity,4,57,0.09924453013
Electricity,4,58,0.1541232157
Electricity,4,59,0.208173514075
Electricity,4,60,0.185196900075
Electricity,4,61,0.17140897805
Electricity,4,62,0.1689093493
Electricity,4,63,0.17083881704999998
Electricity,4,64,0.13652229227499998
Electricity,4,65,0.052782365704999994
Electricity,4,66,0.03395169552
Electricity,4,67,0.0551580549275
Electricity,4,68,0.1033839520775
Electricity,4,69,0.1504185416
Electricity,4,70,0.2410580215
Electricity,4,71,0.27692511752500004
Electricity,4,72,0.28358596405
Electricity,4,73,0.30149028995000005
Electricity,4,74,0.311201949525
Electricity,4,75,0.27909836057500004
Electricity,4,76,0.26769040495
Electricity,4,77,0.2422610355
Electricity,4,78,0.1468342471
Electricity,4,79,0.054761798980000005
Electricity,4,80,0.06519157583
Electricity,4,81,0.14271054319999998
Electricity,4,82,0.16381821175
Electricity,4,83,0.220033191975
Electricity,4,84,0.18308569360000002
Electricity,4,85,0.18553301945
Electricity,4,86,0.174094599275
Electricity,4,87,0.150158658025
Electricity,4,88,0.157344935225
Electricity,4,89,0.114134865775
Electricity,4,90,0.047714591380000004
Electricity,4,91,0.0966713175825
Electricity,4,92,0.153807873475
Electricity,4,93,0.206060679325
Electricity,4,94,0.222147770975
Electricity,4,95,0.23564429577499998
Electricity,4,96,0.22904390135
Electricity,4,97,0.24490769910000001
Electricity,4,98,0.23455043434999998
Electricity,4,99,0.24906881784999998
Electricity,4,100,0.2543855824
Electricity,4,101,0.2387282927
Electricity,4,102,0.19599410209999998
Electricity,4,103,0.150519562825
Electricity,4,104,0.10893299315
Electricity,4,105,0.12345586324999999
Electricity,4,106,0.17198123195
Electricity,4,107,0.18189386970000002
Electricity,4,108,0.17080226647500002
Electricity,4,109,0.1685000208
Electricity,4,110,0.163442461675
Electricity,4,111,0.145511242925
Electricity,4,112,0.1436371063
Electricity,4,113,0.132288682125
Electricity,4,114,0.143011578775
Electricity,4,115,0.14909824555
Electricity,4,116,0.18129267805000002
Electricity,4,117,0.1882088143
Electricity,4,118,0.175035401875
Electricity,4,119,0.182519228175
Electricity,4,120,0.1877546886
Electricity,4,121,0.175207708
Electricity,4,122,0.161680134075
Electricity,4,123,0.14099130370000001
Electricity,4,124,0.13064322925
Electricity,4,125,0.1380763976
Electricity,4,126,0.13506363035
Electricity,4,127,0.12957407412500002
Electricity,4,128,0.12281625355
Electricity,4,129,0.12011944914999999
Electricity,4,130,0.11432286727499999
Electricity,4,131,0.095092313185
Electricity,4,132,0.086743342705
Electricity,4,133,0.0842030248
Electricity,4,134,0.07670659903
Electricity,4,135,0.08270520347999999
Electricity,4,136,0.088864724305
Electricity,4,137,0.096690892235
Electricity,4,138,0.0937727843525
Electricity,4,139,0.095929755775
Electricity,4,140,0.09956351966
Electricity,4,141,0.1029164102
Electricity,4,142,0.1070324083
Electricity,4,143,0.103865050825
Electricity,4,144,0.108695450225
Electricity,4,145,0.11870803807500001
Electricity,4,146,0.12311127575
Electricity,4,147,0.110382842275
Electricity,4,148,0.10701857619999999
Electricity,4,149,0.11020867869999999
Electricity,4,150,0.126789760425
Electricity,4,151,0.133035868225
Electricity,4,152,0.140689783275
Electricity,4,153,0.125773324525
Electricity,4,154,0.10968954510000001
Electricity,4,155,0.104024170825
Electricity,4,156,0.095484726995
Electricity,4,157,0.092591080705
Electricity,4,158,0.0919884698725
Electricity,4,159,0.10225230989
Electricity,4,160,0.0908402578625
Electricity,4,161,0.1018477860675
Electricity,4,162,0.107760495425
Electricity,4,163,0.12522700455
Electricity,4,164,0.128279807325
Electricity,4,165,0.12252544005
Electricity,4,166,0.138716648775
Electricity,4,167,0.164522296675
Electricity,4,168,0.162878763075
Electricity,5,1,0.19610605949999999
Electricity,5,2,0.20828204295
Electricity,5,3,0.2232362779
Electricity,5,4,0.204975603875
Electricity,5,5,0.218507527175
Electricity,5,6,0.21851006525
Electricity,5,7,0.206024907225
Electricity,5,8,0.213274257825
Electricity,5,9,0.1935342747
Electricity,5,10,0.1677976908
Electricity,5,11,0.1212970204
Electricity,5,12,0.12719126382499998
Electricity,5,13,0.1453415635
Electricity,5,14,0.167616139325
Electricity,5,15,0.13354350232499998
Electricity,5,16,0.1467068932
Electricity,5,17,0.13471037967500002
Electricity,5,18,0.12842856907500003
Electricity,5,19,0.090071758465
Electricity,5,20,0.11456054880000001
Electricity,5,21,0.1155609967
Electricity,5,22,0.11439072210000001
Electricity,5,23,0.1421137274
Electricity,5,24,0.12623207720000001
Electricity,5,25,0.1187014552
Electricity,5,26,0.096252868475
Electricity,5,27,0.0918313739875
Electricity,5,28,0.12043594992500001
Electricity,5,29,0.13410551832499998
Electricity,5,30,0.12826212315000002
Electricity,5,31,0.091465402885
Electricity,5,32,0.07360091768
Electricity,5,33,0.0732984559275
Electricity,5,34,0.06548992680250001
Electricity,5,35,0.06429694141749999
Electricity,5,36,0.0764115092875
Electricity,5,37,0.06528482086
Electricity,5,38,0.057672788582499995
Electricity,5,39,0.059099440625
Electricity,5,40,0.0703750217525
Electricity,5,41,0.04858550283
Electricity,5,42,0.055319600325
Electricity,5,43,0.057291175562500005
Electricity,5,44,0.0553462340725
Electricity,5,45,0.076955294845
Electricity,5,46,0.08451046535750001
Electricity,5,47,0.0963060294
Electricity,5,48,0.07560313790499999
Electricity,5,49,0.0920298944825
Electricity,5,50,0.08416659047
Electricity,5,51,0.1065551667825
Electricity,5,52,0.09885389741
Electricity,5,53,0.10853344675
Electricity,5,54,0.08717795621499999
Electricity,5,55,0.08628835702000001
Electricity,5,56,0.08995297864
Electricity,5,57,0.09429964242750001
Electricity,5,58,0.0948724612525
Electricity,5,59,0.106011110075
Electricity,5,60,0.0950084306075
Electricity,5,61,0.1047488644
Electricity,5,62,0.09905050238
Electricity,5,63,0.105707885325
Electricity,5,64,0.102901223875
Electricity,5,65,0.07022267902
Electricity,5,66,0.06300092076
Electricity,5,67,0.06867268494
Electricity,5,68,0.08658265925
Electricity,5,69,0.0771157303725
Electricity,5,70,0.07777014935
Electricity,5,71,0.09230407781
Electricity,5,72,0.0950145671775
Electricity,5,73,0.0840994282425
Electricity,5,74,0.0832237040275
Electricity,5,75,0.078159997125
Electricity,5,76,0.0807615347525
Electricity,5,77,0.08760684269749999
Electricity,5,78,0.10331274645
Electricity,5,79,0.10352753284
Electricity,5,80,0.10080806423500001
Electricity,5,81,0.122251519525
Electricity,5,82,0.12565428195
Electricity,5,83,0.117038814875
Electricity,5,84,0.1160185317
Electricity,5,85,0.10203107665
Electricity,5,86,0.11321985720000001
Electricity,5,87,0.103743104275
Electricity,5,88,0.1085158001
Electricity,5,89,0.10143708614000001
Electricity,5,90,0.0938318732475
Electricity,5,91,0.097843439655
Electricity,5,92,0.11581506394999999
Electricity,5,93,0.1120668381
Electricity,5,94,0.0989276967725
Electricity,5,95,0.09958818992
Electricity,5,96,0.08561026859000001
Electricity,5,97,0.09623722117
Electricity,5,98,0.11055817755
Electricity,5,99,0.116727526675
Electricity,5,100,0.12512234265
Electricity,5,101,0.13945538680000003
Electricity,5,102,0.14279829875
Electricity,5,103,0.150757329325
Electricity,5,104,0.170866544725
Electricity,5,105,0.14462776545
Electricity,5,106,0.15528166952499997
Electricity,5,107,0.149685278325
Electricity,5,108,0.1270473543
Electricity,5,109,0.12154205785000001
Electricity,5,110,0.12499523059999999
Electricity,5,111,0.12629755155
Electricity,5,112,0.13374116465
Electricity,5,113,0.125171289675
Electricity,5,114,0.13381142165
Electricity,5,115,0.164709669175
Electricity,5,116,0.178766736125
Electricity,5,117,0.18597156355000002
Electricity,5,118,0.17952895559999998
Electricity,5,119,0.150501354825
Electricity,5,120,0.149422977325
Electricity,5,121,0.1668918344
Electricity,5,122,0.149061820775
Electricity,5,123,0.154437299225
Electricity,5,124,0.15797428485
Electricity,5,125,0.156210557975
Electricity,5,126,0.1537518166
Electricity,5,127,0.126310857375
Electricity,5,128,0.13756421967500002
Electricity,5,129,0.126990095775
Electricity,5,130,0.11477898965
Electricity,5,131,0.12737018817499998
Electricity,5,132,0.1156563223
Electricity,5,133,0.10920493034999999
Electricity,5,134,0.10960549842499999
Electricity,5,135,0.1042430749
Electricity,5,136,0.114043471375
Electricity,5,137,0.120518584075
Electricity,5,138,0.1000855551925
Electricity,5,139,0.0831245604675
Electricity,5,140,0.10249571665
Electricity,5,141,0.12426926405000001
Electricity,5,142,0.13342085525
Electricity,5,143,0.142192783525
Electricity,5,144,0.1344620515
Electricity,5,145,0.170435520825
Electricity,5,146,0.19252220965
Electricity,5,147,0.21390181835000002
Electricity,5,148,0.219893396325
Electricity,5,149,0.21609238475
Electricity,5,150,0.197198044375
Electricity,5,151,0.214124206375
Electricity,5,152,0.250665490625
Electricity,5,153,0.224038287975
Electricity,5,154,0.20882718
Electricity,5,155,0.19171088845
Electricity,5,156,0.15672140197499998
Electricity,5,157,0.131068419675
Electricity,5,158,0.15103481992499998
Electricity,5,159,0.14617993097499998
Electricity,5,160,0.11973099329999999
Electricity,5,161,0.08268309852
Electricity,5,162,0.060494696435
Electricity,5,163,0.0997947206225
Electricity,5,164,0.17793344275
Electricity,5,165,0.199851313975
Electricity,5,166,0.219847571625
Electricity,5,167,0.2388613875
Electricity,5,168,0.21358434615
Electricity,6,1,0.20100455432499997
Electricity,6,2,0.20938233312500001
Electricity,6,3,0.18625751725
Electricity,6,4,0.15467008805000002
Electricity,6,5,0.153831989525
Electricity,6,6,0.171070676375
Electricity,6,7,0.1846406096
Electricity,6,8,0.195271525625
Electricity,6,9,0.177799949375
Electricity,6,10,0.15008796154999998
Electricity,6,11,0.1541608082
Electricity,6,12,0.14184515625
Electricity,6,13,0.1179165284
Electricity,6,14,0.1326808587
Electricity,6,15,0.154165094025
Electricity,6,16,0.15127433855
Electricity,6,17,0.126193327375
Electricity,6,18,0.1088092316
Electricity,6,19,0.15599408704999998
Electricity,6,20,0.1747725245
Electricity,6,21,0.16772501239999998
Electricity,6,22,0.17602752695
Electricity,6,23,0.22256603375
Electricity,6,24,0.1885487784
Electricity,6,25,0.19845554089999998
Electricity,6,26,0.232896727
Electricity,6,27,0.212403693325
Electricity,6,28,0.1982678413
Electricity,6,29,0.20599050955
Electricity,6,30,0.0827543079425
Electricity,6,31,0.03206851447
Electricity,6,32,0.031586210455
Electricity,6,33,0.0383914795775
Electricity,6,34,0.043918687225
Electricity,6,35,0.0800839497375
Electricity,6,36,0.08559903697999999
Electricity,6,37,0.1015434702225
Electricity,6,38,0.0896300001925
Electricity,6,39,0.072373123195
Electricity,6,40,0.0557347689375
Electricity,6,41,0.032876580834999995
Electricity,6,42,0.027629056065
Electricity,6,43,0.032130359212499994
Electricity,6,44,0.03916483669
Electricity,6,45,0.108886339225
Electricity,6,46,0.15754581264999998
Electricity,6,47,0.18459150985
Electricity,6,48,0.1650404561
Electricity,6,49,0.20373070205
Electricity,6,50,0.228302062475
Electricity,6,51,0.2097113717
Electricity,6,52,0.219331546575
Electricity,6,53,0.203919948225
Electricity,6,54,0.1185228058625
Electricity,6,55,0.027219999999999998
Electricity,6,56,0.048505687935
Electricity,6,57,0.102667837635
Electricity,6,58,0.145267947425
Electricity,6,59,0.190859893575
Electricity,6,60,0.19910927465
Electricity,6,61,0.175966115325
Electricity,6,62,0.17414051317499998
Electricity,6,63,0.147000866275
Electricity,6,64,0.059586291285
Electricity,6,65,0.02807
Electricity,6,66,0.02881
Electricity,6,67,0.036415951829999994
Electricity,6,68,0.05318455831
Electricity,6,69,0.083894718915
Electricity,6,70,0.161065259275
Electricity,6,71,0.2654221068
Electricity,6,72,0.246751484175
Electricity,6,73,0.285267919925
Electricity,6,74,0.2941453381
Electricity,6,75,0.27337523547500003
Electricity,6,76,0.2750479287
Electricity,6,77,0.249224014825
Electricity,6,78,0.1634385881
Electricity,6,79,0.0873841161775
Electricity,6,80,0.1197813855
Electricity,6,81,0.168987295925
Electricity,6,82,0.15807512477500002
Electricity,6,83,0.19564602095
Electricity,6,84,0.209153202025
Electricity,6,85,0.171793939325
Electricity,6,86,0.1620234912
Electricity,6,87,0.182542799975
Electricity,6,88,0.15832138212500002
Electricity,6,89,0.107604444875
Electricity,6,90,0.10232533925750001
Electricity,6,91,0.117757085525
Electricity,6,92,0.14566323147500002
Electricity,6,93,0.15628367995
Electricity,6,94,0.19079825452500002
Electricity,6,95,0.22238200905
Electricity,6,96,0.171899382825
Electricity,6,97,0.191683032625
Electricity,6,98,0.19562679349999998
Electricity,6,99,0.198456988125
Electricity,6,100,0.21098899605
Electricity,6,101,0.19852730092499998
Electricity,6,102,0.137124302725
Electricity,6,103,0.09339944916250001
Electricity,6,104,0.0984204563925
Electricity,6,105,0.08220802627500001
Electricity,6,106,0.10748110185
Electricity,6,107,0.113509165
Electricity,6,108,0.14705001955
Electricity,6,109,0.1533272241
Electricity,6,110,0.163173406275
Electricity,6,111,0.172623295875
Electricity,6,112,0.15964368067499998
Electricity,6,113,0.141737624825
Electricity,6,114,0.0828953033975
Electricity,6,115,0.08425469462
Electricity,6,116,0.096855502405
Electricity,6,117,0.10119334188000001
Electricity,6,118,0.09235086137250001
Electricity,6,119,0.14753999827500003
Electricity,6,120,0.203731016525
Electricity,6,121,0.21134387355
Electricity,6,122,0.21739220220000002
Electricity,6,123,0.223977130975
Electricity,6,124,0.21295655965000002
Electricity,6,125,0.22277186695
Electricity,6,126,0.1529323839
Electricity,6,127,0.119118087575
Electricity,6,128,0.111591039875
Electricity,6,129,0.0885930676875
Electricity,6,130,0.1193254743
Electricity,6,131,0.156310799475
Electricity,6,132,0.16709932965
Electricity,6,133,0.143934929475
Electricity,6,134,0.140385105125
Electricity,6,135,0.15609556087499998
Electricity,6,136,0.1551706742
Electricity,6,137,0.155843425725
Electricity,6,138,0.11706774115
Electricity,6,139,0.09425141712999999
Electricity,6,140,0.10986831265
Electricity,6,141,0.124050606575
Electricity,6,142,0.1310475167
Electricity,6,143,0.13780239375
Electricity,6,144,0.14739641705
Electricity,6,145,0.15317948377499999
Electricity,6,146,0.150896834025
Electricity,6,147,0.15324175345000002
Electricity,6,148,0.16027212424999998
Electricity,6,149,0.154636336425
Electricity,6,150,0.139182674375
Electricity,6,151,0.15105489782499998
Electricity,6,152,0.163684960875
Electricity,6,153,0.16284576725
Electricity,6,154,0.163030875125
Electricity,6,155,0.1452066632
Electricity,6,156,0.14697488655000002
Electricity,6,157,0.135193985425
Electricity,6,158,0.14172005165
Electricity,6,159,0.143293713775
Electricity,6,160,0.167378425925
Electricity,6,161,0.16567156997500002
Electricity,6,162,0.163967678275
Electricity,6,163,0.16568456705
Electricity,6,164,0.226567085025
Electricity,6,165,0.23297452645000002
Electricity,6,166,0.21952322265000002
Electricity,6,167,0.27110619255
Electricity,6,168,0.27472224765
Electricity,7,1,0.043395732145
Electricity,7,2,0.0423617950975
Electricity,7,3,0.02613633941
Electricity,7,4,0.025685935485000002
Electricity,7,5,0.0261525593175
Electricity,7,6,0.03814778092
Electricity,7,7,0.040399928674999995
Electricity,7,8,0.0380833687325
Electricity,7,9,0.03541143403
Electricity,7,10,0.04918402838
Electricity,7,11,0.0426613901475
Electricity,7,12,0.032280951277500004
Electricity,7,13,0.03837693482
Electricity,7,14,0.037156023105000005
Electricity,7,15,0.039228005855
Electricity,7,16,0.0384506175725
Electricity,7,17,0.051921388065000004
Electricity,7,18,0.059229210832500004
Electricity,7,19,0.080903710385
Electricity,7,20,0.10628005826999999
Electricity,7,21,0.089700177615
Electricity,7,22,0.09118024314999999
Electricity,7,23,0.070323121155
Electricity,7,24,0.0656093218925
Electricity,7,25,0.0464302019775
Electricity,7,26,0.0362480047125
Electricity,7,27,0.038655010867500006
Electricity,7,28,0.036556191055
Electricity,7,29,0.03871082938
Electricity,7,30,0.050322214007500005
Electricity,7,31,0.068221585585
Electricity,7,32,0.07500170966
Electricity,7,33,0.07346399099
Electricity,7,34,0.053370804194999996
Electricity,7,35,0.062890782135
Electricity,7,36,0.060291199302499994
Electricity,7,37,0.053222419917500007
Electricity,7,38,0.0492173707975
Electricity,7,39,0.0479866325725
Electricity,7,40,0.050469872405
Electricity,7,41,0.048384902755
Electricity,7,42,0.05099959523
Electricity,7,43,0.041127273529999994
Electricity,7,44,0.0479853208025
Electricity,7,45,0.060211146475
Electricity,7,46,0.045500579897500004
Electricity,7,47,0.050151440685
Electricity,7,48,0.046596979045
Electricity,7,49,0.0472670943225
Electricity,7,50,0.0451908914825
Electricity,7,51,0.0426946033125
Electricity,7,52,0.045295000835
Electricity,7,53,0.0465248021975
Electricity,7,54,0.0403634655375
Electricity,7,55,0.0569918922225
Electricity,7,56,0.063217322295
Electricity,7,57,0.059529047625
Electricity,7,58,0.07168622551250001
Electricity,7,59,0.06502362592500001
Electricity,7,60,0.0564049622675
Electricity,7,61,0.0357839973875
Electricity,7,62,0.0305762230125
Electricity,7,63,0.0461759096575
Electricity,7,64,0.039551196965
Electricity,7,65,0.0461919217075
Electricity,7,66,0.0607163320525
Electricity,7,67,0.0656178515525
Electricity,7,68,0.0644872678225
Electricity,7,69,0.07484994157
Electricity,7,70,0.072194802485
Electricity,7,71,0.0882438669925
Electricity,7,72,0.085816454515
Electricity,7,73,0.0797359035575
Electricity,7,74,0.0726427482725
Electricity,7,75,0.0806768025625
Electricity,7,76,0.072906927755
Electricity,7,77,0.08046269549499999
Electricity,7,78,0.0661372465725
Electricity,7,79,0.05295163781
Electricity,7,80,0.07000081798249999
Electricity,7,81,0.06504571708250001
Electricity,7,82,0.0661017328425
Electricity,7,83,0.06867865270250001
Electricity,7,84,0.051356421145
Electricity,7,85,0.049684224647500004
Electricity,7,86,0.048799625855
Electricity,7,87,0.044700359339999995
Electricity,7,88,0.04203390252
Electricity,7,89,0.040694590079999995
Electricity,7,90,0.0316357199475
Electricity,7,91,0.0284611444325
Electricity,7,92,0.04453520934250001
Electricity,7,93,0.0802505234075
Electricity,7,94,0.084339381965
Electricity,7,95,0.084858307755
Electricity,7,96,0.056261729087500004
Electricity,7,97,0.089842332175
Electricity,7,98,0.07544631759749999
Electricity,7,99,0.054044484850000005
Electricity,7,100,0.0688732645625
Electricity,7,101,0.072454627675
Electricity,7,102,0.05202522264
Electricity,7,103,0.0457317522125
Electricity,7,104,0.056080189502499996
Electricity,7,105,0.0842612762175
Electricity,7,106,0.0733025633725
Electricity,7,107,0.05774855542
Electricity,7,108,0.06151201707
Electricity,7,109,0.057957508797499994
Electricity,7,110,0.060885843854999996
Electricity,7,111,0.057865593035
Electricity,7,112,0.04850961987
Electricity,7,113,0.041728520795
Electricity,7,114,0.0410900822025
Electricity,7,115,0.0476436618975
Electricity,7,116,0.0851702225075
Electricity,7,117,0.094222862825
Electricity,7,118,0.08642839372500001
Electricity,7,119,0.0758069825125
Electricity,7,120,0.0601353475425
Electricity,7,121,0.0581034755875
Electricity,7,122,0.051286846250000004
Electricity,7,123,0.0577312345875
Electricity,7,124,0.054143179125
Electricity,7,125,0.0611382652975
Electricity,7,126,0.06464119709249999
Electricity,7,127,0.047404748775
Electricity,7,128,0.056438228702499996
Electricity,7,129,0.073778498285
Electricity,7,130,0.0905283091725
Electricity,7,131,0.09196666886
Electricity,7,132,0.0829340996575
Electricity,7,133,0.0807605876075
Electricity,7,134,0.08904622496499999
Electricity,7,135,0.06612625242
Electricity,7,136,0.03913915225
Electricity,7,137,0.027788876707499997
Electricity,7,138,0.0311318582925
Electricity,7,139,0.0328302879375
Electricity,7,140,0.035962598282499994
Electricity,7,141,0.0866319950625
Electricity,7,142,0.090860921495
Electricity,7,143,0.09256758175
Electricity,7,144,0.0837045869925
Electricity,7,145,0.07261352207
Electricity,7,146,0.0548099070175
Electricity,7,147,0.05205857332
Electricity,7,148,0.054632575350000004
Electricity,7,149,0.0559454463375
Electricity,7,150,0.06013122234
Electricity,7,151,0.053315898792500004
Electricity,7,152,0.0702946782125
Electricity,7,153,0.073798068675
Electricity,7,154,0.0752155750725
Electricity,7,155,0.06369867312750001
Electricity,7,156,0.055572884305
Electricity,7,157,0.045661070045
Electricity,7,158,0.047878362555000005
Electricity,7,159,0.043367791695
Electricity,7,160,0.038641807034999996
Electricity,7,161,0.0339229492675
Electricity,7,162,0.0286649875375
Electricity,7,163,0.027679753655
Electricity,7,164,0.0336678357825
Electricity,7,165,0.053064517795
Electricity,7,166,0.067470416475
Electricity,7,167,0.06613129664749999
Electricity,7,168,0.0809007322675
Electricity,8,1,0.028633596735000003
Electricity,8,2,0.02629412603
Electricity,8,3,0.0251994444875
Electricity,8,4,0.025921784030000002
Electricity,8,5,0.024978156542499998
Electricity,8,6,0.0213858986625
Electricity,8,7,0.0240925607
Electricity,8,8,0.03303686046
Electricity,8,9,0.06642551417749999
Electricity,8,10,0.0677422755425
Electricity,8,11,0.0633053589875
Electricity,8,12,0.064906152495
Electricity,8,13,0.06459926622500001
Electricity,8,14,0.06527391891249999
Electricity,8,15,0.0462816016875
Electricity,8,16,0.03381624271
Electricity,8,17,0.024971832785000002
Electricity,8,18,0.02598
Electricity,8,19,0.026760000000000003
Electricity,8,20,0.02578289295
Electricity,8,21,0.02440066943
Electricity,8,22,0.032944090012499996
Electricity,8,23,0.0384311746025
Electricity,8,24,0.0500898789425
Electricity,8,25,0.044753121325
Electricity,8,26,0.045066842655
Electricity,8,27,0.044582003575
Electricity,8,28,0.0424812067625
Electricity,8,29,0.0313158126075
Electricity,8,30,0.0237677324675
Electricity,8,31,0.0245
Electricity,8,32,0.04014545235500001
Electricity,8,33,0.06779210098
Electricity,8,34,0.076515354775
Electricity,8,35,0.086954988845
Electricity,8,36,0.10391237995000001
Electricity,8,37,0.0906412007125
Electricity,8,38,0.06895662112249999
Electricity,8,39,0.038432176157500005
Electricity,8,40,0.02973305511
Electricity,8,41,0.027100000000000003
Electricity,8,42,0.0272
Electricity,8,43,0.02683
Electricity,8,44,0.02603
Electricity,8,45,0.02409
Electricity,8,46,0.02026407084
Electricity,8,47,0.034784750010000004
Electricity,8,48,0.0432014179575
Electricity,8,49,0.0442854442175
Electricity,8,50,0.045378606572499994
Electricity,8,51,0.042698456522500004
Electricity,8,52,0.032749223395
Electricity,8,53,0.02221197107
Electricity,8,54,0.023960000000000002
Electricity,8,55,0.02477
Electricity,8,56,0.025670000000000002
Electricity,8,57,0.0473810618025
Electricity,8,58,0.10482798440499999
Electricity,8,59,0.11397197455
Electricity,8,60,0.121749129175
Electricity,8,61,0.110460971975
Electricity,8,62,0.0817679480525
Electricity,8,63,0.04085230754
Electricity,8,64,0.0290956770675
Electricity,8,65,0.0270587881025
Electricity,8,66,0.02461
Electricity,8,67,0.02469
Electricity,8,68,0.0242135477475
Electricity,8,69,0.024866955195
Electricity,8,70,0.0406125189825
Electricity,8,71,0.0325184085375
Electricity,8,72,0.036771797845
Electricity,8,73,0.0526164631025
Electricity,8,74,0.05432766988
Electricity,8,75,0.052464858069999995
Electricity,8,76,0.0482023606325
Electricity,8,77,0.0387684502325
Electricity,8,78,0.0309015936925
Electricity,8,79,0.0303775458125
Electricity,8,80,0.026230600979999998
Electricity,8,81,0.0521492244275
Electricity,8,82,0.062239633485
Electricity,8,83,0.054023063
Electricity,8,84,0.067549759965
Electricity,8,85,0.060932658009999995
Electricity,8,86,0.0547125511725
Electricity,8,87,0.039296403777499996
Electricity,8,88,0.034841301902499996
Electricity,8,89,0.03125624573
Electricity,8,90,0.02565331292
Electricity,8,91,0.02438
Electricity,8,92,0.022263808542500003
Electricity,8,93,0.0245540839175
Electricity,8,94,0.03554450101
Electricity,8,95,0.0373680309425
Electricity,8,96,0.040858438165000004
Electricity,8,97,0.038811079465
Electricity,8,98,0.04058062171
Electricity,8,99,0.041350482055
Electricity,8,100,0.033325824347500005
Electricity,8,101,0.022995877879999998
Electricity,8,102,0.024520794057500003
Electricity,8,103,0.02631
Electricity,8,104,0.0288522662475
Electricity,8,105,0.0443082057925
Electricity,8,106,0.06736711945249999
Electricity,8,107,0.0809167270975
Electricity,8,108,0.0821161177275
Electricity,8,109,0.0771753045675
Electricity,8,110,0.07710889871500001
Electricity,8,111,0.059663303364999996
Electricity,8,112,0.03369516677500001
Electricity,8,113,0.02455170643
Electricity,8,114,0.02451
Electricity,8,115,0.026609999999999998
Electricity,8,116,0.0258
Electricity,8,117,0.023219473794999997
Electricity,8,118,0.03234993383
Electricity,8,119,0.036159558015
Electricity,8,120,0.033589090285
Electricity,8,121,0.0408562874675
Electricity,8,122,0.0385107027125
Electricity,8,123,0.0357971502175
Electricity,8,124,0.0322301298975
Electricity,8,125,0.0233349694175
Electricity,8,126,0.02213161269
Electricity,8,127,0.02512
Electricity,8,128,0.0313900789625
Electricity,8,129,0.06377825241000001
Electricity,8,130,0.080331338635
Electricity,8,131,0.0841825409325
Electricity,8,132,0.072837875515
Electricity,8,133,0.0700218440175
Electricity,8,134,0.06916302518749999
Electricity,8,135,0.0545496998525
Electricity,8,136,0.0336203811175
Electricity,8,137,0.024354824485000003
Electricity,8,138,0.02218
Electricity,8,139,0.0212476717525
Electricity,8,140,0.027795796164999997
Electricity,8,141,0.0288062325625
Electricity,8,142,0.027936655695
Electricity,8,143,0.0289500816375
Electricity,8,144,0.030212689905000003
Electricity,8,145,0.030106158337499998
Electricity,8,146,0.0292515065925
Electricity,8,147,0.029512596335000002
Electricity,8,148,0.0320893291725
Electricity,8,149,0.025884675345
Electricity,8,150,0.017244640965000002
Electricity,8,151,0.017124107410000002
Electricity,8,152,0.023218181805
Electricity,8,153,0.07289625349
Electricity,8,154,0.08236425163499998
Electricity,8,155,0.0918380208875
Electricity,8,156,0.0892773138625
Electricity,8,157,0.080787212555
Electricity,8,158,0.08079480369
Electricity,8,159,0.042142938615
Electricity,8,160,0.025826164305
Electricity,8,161,0.0233383427475
Electricity,8,162,0.02382
Electricity,8,163,0.02309
Electricity,8,164,0.020390000000000002
Electricity,8,165,0.020399626147500002
Electricity,8,166,0.02036967019
Electricity,8,167,0.02246632115
Electricity,8,168,0.0235929217475
Electricity,9,1,0.0345319662625
Electricity,9,2,0.032707825985
Electricity,9,3,0.0266751313625
Electricity,9,4,0.020585142235
Electricity,9,5,0.020558306015
Electricity,9,6,0.023139380735
Electricity,9,7,0.02487037617
Electricity,9,8,0.023044038255
Electricity,9,9,0.024230583155000002
Electricity,9,10,0.030548525215
Electricity,9,11,0.0306542588025
Electricity,9,12,0.036691075347500005
Electricity,9,13,0.0312263299725
Electricity,9,14,0.030149051202500003
Electricity,9,15,0.034950090837499996
Electricity,9,16,0.03418984047
Electricity,9,17,0.0329149408775
Electricity,9,18,0.0361007397125
Electricity,9,19,0.051229378287499995
Electricity,9,20,0.058720910925
Electricity,9,21,0.0468254595575
Electricity,9,22,0.046456713975
Electricity,9,23,0.0593128380925
Electricity,9,24,0.057307973935
Electricity,9,25,0.04395233644
Electricity,9,26,0.0425759473275
Electricity,9,27,0.0380054863625
Electricity,9,28,0.0498721553925
Electricity,9,29,0.0635106116775
Electricity,9,30,0.04069419149
Electricity,9,31,0.0400008364225
Electricity,9,32,0.051898692507500004
Electricity,9,33,0.061731416065
Electricity,9,34,0.0698296536
Electricity,9,35,0.056730185205
Electricity,9,36,0.0509703345275
Electricity,9,37,0.05542176529
Electricity,9,38,0.059320666522499996
Electricity,9,39,0.052921141984999996
Electricity,9,40,0.069003140825
Electricity,9,41,0.0684187445975
Electricity,9,42,0.0710203969875
Electricity,9,43,0.07430705693
Electricity,9,44,0.06434015292249999
Electricity,9,45,0.066685284855
Electricity,9,46,0.07296168489999999
Electricity,9,47,0.055907253665
Electricity,9,48,0.06595887396000001
Electricity,9,49,0.059347775817500004
Electricity,9,50,0.06963442184999999
Electricity,9,51,0.0867928104725
Electricity,9,52,0.0824170557625
Electricity,9,53,0.0734289538325
Electricity,9,54,0.04740128979
Electricity,9,55,0.037313595757500005
Electricity,9,56,0.059805788282499994
Electricity,9,57,0.08043397736
Electricity,9,58,0.09295979506
Electricity,9,59,0.09945412018250001
Electricity,9,60,0.0943597947
Electricity,9,61,0.0814012163375
Electricity,9,62,0.0755800820825
Electricity,9,63,0.0807454397175
Electricity,9,64,0.0570283151575
Electricity,9,65,0.0452822990625
Electricity,9,66,0.03902362035
Electricity,9,67,0.038970848425
Electricity,9,68,0.07842473726
Electricity,9,69,0.0900676705325
Electricity,9,70,0.1127018459
Electricity,9,71,0.083121714745
Electricity,9,72,0.07455191627499999
Electricity,9,73,0.0821265272175
Electricity,9,74,0.08767734330249999
Electricity,9,75,0.0733809446025
Electricity,9,76,0.0547183194
Electricity,9,77,0.0499252714125
Electricity,9,78,0.0319752670825
Electricity,9,79,0.03362148073
Electricity,9,80,0.049164338125
Electricity,9,81,0.06861910772749999
Electricity,9,82,0.063883029825
Electricity,9,83,0.0634367734675
Electricity,9,84,0.063822642995
Electricity,9,85,0.0597901951575
Electricity,9,86,0.0601499984675
Electricity,9,87,0.048096664267500006
Electricity,9,88,0.04314523695
Electricity,9,89,0.030434058607499998
Electricity,9,90,0.0257717669075
Electricity,9,91,0.0273051924275
Electricity,9,92,0.034640852107499995
Electricity,9,93,0.03946072216
Electricity,9,94,0.05375611054
Electricity,9,95,0.055466993675
Electricity,9,96,0.037811822075
Electricity,9,97,0.039489892955
Electricity,9,98,0.0306026027925
Electricity,9,99,0.0283689609925
Electricity,9,100,0.0276491962275
Electricity,9,101,0.031508460772500003
Electricity,9,102,0.0348456774425
Electricity,9,103,0.04577749694
Electricity,9,104,0.0520570231625
Electricity,9,105,0.059556466350000004
Electricity,9,106,0.04826071565
Electricity,9,107,0.0414708897775
Electricity,9,108,0.040140146717500005
Electricity,9,109,0.052434625420000006
Electricity,9,110,0.058333352077500004
Electricity,9,111,0.049332627625
Electricity,9,112,0.0452399053725
Electricity,9,113,0.03691735177
Electricity,9,114,0.035451192775
Electricity,9,115,0.048597114062499995
Electricity,9,116,0.0631307113475
Electricity,9,117,0.0657882108775
Electricity,9,118,0.06153925284
Electricity,9,119,0.040415798850000004
Electricity,9,120,0.0360098831675
Electricity,9,121,0.036591779510000005
Electricity,9,122,0.0371726786375
Electricity,9,123,0.0370832716
Electricity,9,124,0.038348470375000006
Electricity,9,125,0.04197837577500001
Electricity,9,126,0.040454769282500004
Electricity,9,127,0.04006837757
Electricity,9,128,0.0421400545275
Electricity,9,129,0.048450023937499996
Electricity,9,130,0.050961816130000004
Electricity,9,131,0.050677877525
Electricity,9,132,0.0501390962925
Electricity,9,133,0.0508612794425
Electricity,9,134,0.0469335461075
Electricity,9,135,0.0400881724225
Electricity,9,136,0.042167183942500006
Electricity,9,137,0.04175230692
Electricity,9,138,0.039524813855
Electricity,9,139,0.039146794052499996
Electricity,9,140,0.04389540703500001
Electricity,9,141,0.048841681375
Electricity,9,142,0.049106565817499996
Electricity,9,143,0.044374794855000003
Electricity,9,144,0.0429714543975
Electricity,9,145,0.034649334715
Electricity,9,146,0.030398595205
Electricity,9,147,0.032283956895
Electricity,9,148,0.032982807237499995
Electricity,9,149,0.03753890504
Electricity,9,150,0.03620804383
Electricity,9,151,0.035562780355000004
Electricity,9,152,0.0364381451975
Electricity,9,153,0.03805595683
Electricity,9,154,0.0389945901675
Electricity,9,155,0.033151697292500004
Electricity,9,156,0.031677858762500004
Electricity,9,157,0.032821500262500004
Electricity,9,158,0.0355842499275
Electricity,9,159,0.0343141737725
Electricity,9,160,0.03427593992
Electricity,9,161,0.052063829060000004
Electricity,9,162,0.064167698435
Electricity,9,163,0.074661564905
Electricity,9,164,0.07533603525
Electricity,9,165,0.0709373373425
Electricity,9,166,0.06710052609499999
Electricity,9,167,0.056546145699999995
Electricity,9,168,0.0607625621725
Electricity,10,1,0.08673074251
Electricity,10,2,0.08336193772999999
Electricity,10,3,0.0903862363925
Electricity,10,4,0.0874002418475
Electricity,10,5,0.0782207624575
Electricity,10,6,0.077388449635
Electricity,10,7,0.06929396733500001
Electricity,10,8,0.0732643340725
Electricity,10,9,0.087409854585
Electricity,10,10,0.055524040705
Electricity,10,11,0.07138135572500001
Electricity,10,12,0.05641405141750001
Electricity,10,13,0.0307662036025
Electricity,10,14,0.0365386142625
Electricity,10,15,0.0384390128775
Electricity,10,16,0.051495956919999995
Electricity,10,17,0.05019721404
Electricity,10,18,0.030285015834999998
Electricity,10,19,0.0341520035025
Electricity,10,20,0.0400981933825
Electricity,10,21,0.0524527012025
Electricity,10,22,0.072385300255
Electricity,10,23,0.0753794944
Electricity,10,24,0.0655970869325
Electricity,10,25,0.070842478375
Electricity,10,26,0.0654929916925
Electricity,10,27,0.05696485584
Electricity,10,28,0.071563457345
Electricity,10,29,0.0812947929675
Electricity,10,30,0.052614340245
Electricity,10,31,0.0597795258425
Electricity,10,32,0.06292184613
Electricity,10,33,0.07419860303999999
Electricity,10,34,0.08369546778999999
Electricity,10,35,0.08909745431749999
Electricity,10,36,0.07026412788249999
Electricity,10,37,0.07469568642999999
Electricity,10,38,0.06307372126500001
Electricity,10,39,0.050640859605000005
Electricity,10,40,0.053975469397499996
Electricity,10,41,0.0680731945625
Electricity,10,42,0.07502113632999999
Electricity,10,43,0.0759325012325
Electricity,10,44,0.09241242126999999
Electricity,10,45,0.1033580319
Electricity,10,46,0.108800698275
Electricity,10,47,0.11047292335
Electricity,10,48,0.0976706826575
Electricity,10,49,0.092762865025
Electricity,10,50,0.0996370896225
Electricity,10,51,0.109115606
Electricity,10,52,0.11454925892500001
Electricity,10,53,0.06455511579749999
Electricity,10,54,0.0350512672925
Electricity,10,55,0.040916684957500005
Electricity,10,56,0.029505720867499998
Electricity,10,57,0.0495171629525
Electricity,10,58,0.050610502165
Electricity,10,59,0.0329402892025
Electricity,10,60,0.0398614516025
Electricity,10,61,0.035010932502499995
Electricity,10,62,0.03558359266
Electricity,10,63,0.030257245704999998
Electricity,10,64,0.06998367869250001
Electricity,10,65,0.0639859345825
Electricity,10,66,0.0209457525225
Electricity,10,67,0.025407981065
Electricity,10,68,0.063112332215
Electricity,10,69,0.10773745475
Electricity,10,70,0.13525078
Electricity,10,71,0.134808802675
Electricity,10,72,0.115601015
Electricity,10,73,0.126967561075
Electricity,10,74,0.119433550975
Electricity,10,75,0.11317571615
Electricity,10,76,0.114751969425
Electricity,10,77,0.051358905565
Electricity,10,78,0.0514868182125
Electricity,10,79,0.0407984398525
Electricity,10,80,0.0307758351925
Electricity,10,81,0.055606197757499996
Electricity,10,82,0.0889000457025
Electricity,10,83,0.0666508800375
Electricity,10,84,0.071973124045
Electricity,10,85,0.0789589899225
Electricity,10,86,0.0939662958225
Electricity,10,87,0.1099954963
Electricity,10,88,0.117602617025
Electricity,10,89,0.08002457433
Electricity,10,90,0.025781080682500002
Electricity,10,91,0.02484
Electricity,10,92,0.034116381312500006
Electricity,10,93,0.06675073719499999
Electricity,10,94,0.11991569815
Electricity,10,95,0.13353939955
Electricity,10,96,0.146576228975
Electricity,10,97,0.145905428925
Electricity,10,98,0.137015380275
Electricity,10,99,0.13297649495000002
Electricity,10,100,0.1127832976
Electricity,10,101,0.0710339163575
Electricity,10,102,0.0533422769975
Electricity,10,103,0.0580724440675
Electricity,10,104,0.09310327404999999
Electricity,10,105,0.09452800965500001
Electricity,10,106,0.09585040046
Electricity,10,107,0.0989606505375
Electricity,10,108,0.09087473674999999
Electricity,10,109,0.094642181425
Electricity,10,110,0.1032570032525
Electricity,10,111,0.10121701822
Electricity,10,112,0.0843768439575
Electricity,10,113,0.0447441997025
Electricity,10,114,0.0318494572075
Electricity,10,115,0.035382674417499996
Electricity,10,116,0.0335202336375
Electricity,10,117,0.0429712580925
Electricity,10,118,0.064206302785
Electricity,10,119,0.08720358630749998
Electricity,10,120,0.10360492387499999
Electricity,10,121,0.10269988347499999
Electricity,10,122,0.0953110462125
Electricity,10,123,0.08333925036499999
Electricity,10,124,0.07970949119
Electricity,10,125,0.06643084236
Electricity,10,126,0.03638877066
Electricity,10,127,0.0294340742
Electricity,10,128,0.030290031985
Electricity,10,129,0.0364940842425
Electricity,10,130,0.047930384652500005
Electricity,10,131,0.048299761705
Electricity,10,132,0.061183131332499995
Electricity,10,133,0.060233513115
Electricity,10,134,0.058569073235000005
Electricity,10,135,0.051114383220000004
Electricity,10,136,0.0507663773425
Electricity,10,137,0.050086545645
Electricity,10,138,0.03351195941
Electricity,10,139,0.029456290490000002
Electricity,10,140,0.0281910613775
Electricity,10,141,0.069382537415
Electricity,10,142,0.1102620337375
Electricity,10,143,0.111355094275
Electricity,10,144,0.110079355875
Electricity,10,145,0.111999432775
Electricity,10,146,0.0938807593725
Electricity,10,147,0.08227157690749999
Electricity,10,148,0.07931260784750001
Electricity,10,149,0.066244907535
Electricity,10,150,0.0560640271025
Electricity,10,151,0.055378444047499996
Electricity,10,152,0.0677900980175
Electricity,10,153,0.08710827570500002
Electricity,10,154,0.10559183575
Electricity,10,155,0.0960558207425
Electricity,10,156,0.068393698775
Electricity,10,157,0.0549293345925
Electricity,10,158,0.048790515935
Electricity,10,159,0.055076822139999995
Electricity,10,160,0.0525307387725
Electricity,10,161,0.0409988536875
Electricity,10,162,0.037238695177499996
Electricity,10,163,0.0341927755375
Electricity,10,164,0.0340168860725
Electricity,10,165,0.034321283457500004
Electricity,10,166,0.038297956885
Electricity,10,167,0.0428719359325
Electricity,10,168,0.048055498895
Electricity,11,1,0.0674639529125
Electricity,11,2,0.0617078281425
Electricity,11,3,0.055423324087499996
Electricity,11,4,0.05909561839
Electricity,11,5,0.06259680761
Electricity,11,6,0.06301805274
Electricity,11,7,0.0585446587325
Electricity,11,8,0.0371292815525
Electricity,11,9,0.051628130759999995
Electricity,11,10,0.0544566247
Electricity,11,11,0.057198147585
Electricity,11,12,0.0443037167075
Electricity,11,13,0.046340798339999996
Electricity,11,14,0.04217245174
Electricity,11,15,0.02958842225
Electricity,11,16,0.0451111228775
Electricity,11,17,0.03373342991
Electricity,11,18,0.03734450003
Electricity,11,19,0.0323945522875
Electricity,11,20,0.027330128505000002
Electricity,11,21,0.0285725210275
Electricity,11,22,0.046122296460000003
Electricity,11,23,0.063768200345
Electricity,11,24,0.0708268717
Electricity,11,25,0.0720673013
Electricity,11,26,0.0622201437025
Electricity,11,27,0.044875753535
Electricity,11,28,0.03521378253
Electricity,11,29,0.042097909360000005
Electricity,11,30,0.0408320618525
Electricity,11,31,0.0400705140875
Electricity,11,32,0.036901843552499994
Electricity,11,33,0.035923098502499994
Electricity,11,34,0.04926843559999999
Electricity,11,35,0.07052680003
Electricity,11,36,0.060916017315
Electricity,11,37,0.056103942772500005
Electricity,11,38,0.050876635842500004
Electricity,11,39,0.046667542330000006
Electricity,11,40,0.041324167895
Electricity,11,41,0.037570555157500005
Electricity,11,42,0.0317240079475
Electricity,11,43,0.0286879929975
Electricity,11,44,0.028329999999999998
Electricity,11,45,0.027239999999999997
Electricity,11,46,0.025835969535
Electricity,11,47,0.025213799725
Electricity,11,48,0.0274350917075
Electricity,11,49,0.04620085794
Electricity,11,50,0.044142662799999996
Electricity,11,51,0.0353354919
Electricity,11,52,0.033601465665
Electricity,11,53,0.0346387600175
Electricity,11,54,0.029113670262500002
Electricity,11,55,0.0344213628725
Electricity,11,56,0.0611393220825
Electricity,11,57,0.10637099430000001
Electricity,11,58,0.07444790564999999
Electricity,11,59,0.0601831809575
Electricity,11,60,0.072202909225
Electricity,11,61,0.095011559745
Electricity,11,62,0.100747521115
Electricity,11,63,0.094240541455
Electricity,11,64,0.0419495015125
Electricity,11,65,0.0295
Electricity,11,66,0.02945
Electricity,11,67,0.02895
Electricity,11,68,0.0299272261
Electricity,11,69,0.02840409037
Electricity,11,70,0.02940471039
Electricity,11,71,0.0268991464025
Electricity,11,72,0.032405560285
Electricity,11,73,0.034078616637499996
Electricity,11,74,0.03592479349
Electricity,11,75,0.035422058560000004
Electricity,11,76,0.03638648408
Electricity,11,77,0.038727255220000006
Electricity,11,78,0.030508895685
Electricity,11,79,0.02951
Electricity,11,80,0.029658430445
Electricity,11,81,0.033981092830000004
Electricity,11,82,0.038372965117500005
Electricity,11,83,0.034606289655
Electricity,11,84,0.04498424718
Electricity,11,85,0.0434602973475
Electricity,11,86,0.052048558610000004
Electricity,11,87,0.0493348658225
Electricity,11,88,0.041126866765000006
Electricity,11,89,0.036455982665
Electricity,11,90,0.029951640105
Electricity,11,91,0.02949
Electricity,11,92,0.02716
Electricity,11,93,0.026861982405
Electricity,11,94,0.0297605241675
Electricity,11,95,0.033449593055000004
Electricity,11,96,0.03737440347
Electricity,11,97,0.039550354419999996
Electricity,11,98,0.0402489507425
Electricity,11,99,0.0364503522075
Electricity,11,100,0.036175224987500004
Electricity,11,101,0.033640389972500004
Electricity,11,102,0.02855
Electricity,11,103,0.030899999999999997
Electricity,11,104,0.03162
Electricity,11,105,0.033653683549999994
Electricity,11,106,0.046308078587499996
Electricity,11,107,0.056407772955
Electricity,11,108,0.0779305362625
Electricity,11,109,0.07273366716
Electricity,11,110,0.051976368344999996
Electricity,11,111,0.0427545077675
Electricity,11,112,0.037572451755
Electricity,11,113,0.032992044625
Electricity,11,114,0.0316604768275
Electricity,11,115,0.030917565424999998
Electricity,11,116,0.0318811430425
Electricity,11,117,0.02929133296
Electricity,11,118,0.035640776639999996
Electricity,11,119,0.03798633341
Electricity,11,120,0.0380604920825
Electricity,11,121,0.04208885711
Electricity,11,122,0.038931557435
Electricity,11,123,0.0348835087525
Electricity,11,124,0.036746372165
Electricity,11,125,0.035687635540000005
Electricity,11,126,0.031223344305
Electricity,11,127,0.029509636685
Electricity,11,128,0.031984912260000005
Electricity,11,129,0.047041425
Electricity,11,130,0.0693352947775
Electricity,11,131,0.07373694625
Electricity,11,132,0.05935991618750001
Electricity,11,133,0.06203573991
Electricity,11,134,0.055570575257500004
Electricity,11,135,0.049227825715
Electricity,11,136,0.03974710585
Electricity,11,137,0.0335942920025
Electricity,11,138,0.030624850322499998
Electricity,11,139,0.0280197614675
Electricity,11,140,0.03068903826
Electricity,11,141,0.0315124248225
Electricity,11,142,0.0356313487225
Electricity,11,143,0.032018770844999996
Electricity,11,144,0.0313787256675
Electricity,11,145,0.029941752667500002
Electricity,11,146,0.0310805003225
Electricity,11,147,0.031142535407499998
Electricity,11,148,0.029373070065
Electricity,11,149,0.0285812375175
Electricity,11,150,0.028504071029999998
Electricity,11,151,0.02865181082
Electricity,11,152,0.0464194410225
Electricity,11,153,0.0658549338275
Electricity,11,154,0.06611805079750001
Electricity,11,155,0.06989470866
Electricity,11,156,0.05641765076500001
Electricity,11,157,0.06456299132250001
Electricity,11,158,0.0598027176875
Electricity,11,159,0.06774558189000002
Electricity,11,160,0.061782949360000006
Electricity,11,161,0.041929147405
Electricity,11,162,0.029142046855
Electricity,11,163,0.02828327136
Electricity,11,164,0.0268743841825
Electricity,11,165,0.0266421107475
Electricity,11,166,0.0245105816825
Electricity,11,167,0.0268661870425
Electricity,11,168,0.028144200930000002
Electricity,12,1,0.0336804540425
Electricity,12,2,0.040141615582500005
Electricity,12,3,0.0389784268925
Electricity,12,4,0.044210577065
Electricity,12,5,0.04420430435
Electricity,12,6,0.0402420551
Electricity,12,7,0.0320694746275
Electricity,12,8,0.035158535755000005
Electricity,12,9,0.047151687647499996
Electricity,12,10,0.0423488434375
Electricity,12,11,0.0475528157025
Electricity,12,12,0.0458155733325
Electricity,12,13,0.046022563849999996
Electricity,12,14,0.036317198435
Electricity,12,15,0.03336996187750001
Electricity,12,16,0.0366065123025
Electricity,12,17,0.040283422465
Electricity,12,18,0.0313322419725
Electricity,12,19,0.0314953259
Electricity,12,20,0.031514683995
Electricity,12,21,0.0285247980175
Electricity,12,22,0.0330611559225
Electricity,12,23,0.03652631351
Electricity,12,24,0.0431455625475
Electricity,12,25,0.054587231699999995
Electricity,12,26,0.046561734424999994
Electricity,12,27,0.0429592352875
Electricity,12,28,0.0379598082325
Electricity,12,29,0.035975789697499996
Electricity,12,30,0.036779279735
Electricity,12,31,0.03541364474
Electricity,12,32,0.0350252870775
Electricity,12,33,0.0400316066175
Electricity,12,34,0.06161878683000001
Electricity,12,35,0.08443110970500001
Electricity,12,36,0.06263648766499999
Electricity,12,37,0.054376980650000004
Electricity,12,38,0.06571054819750001
Electricity,12,39,0.06423315960249999
Electricity,12,40,0.0439780371025
Electricity,12,41,0.0315545940225
Electricity,12,42,0.03015
Electricity,12,43,0.0286
Electricity,12,44,0.0257
Electricity,12,45,0.02557
Electricity,12,46,0.0258
Electricity,12,47,0.028717381785
Electricity,12,48,0.03326503705
Electricity,12,49,0.043667986265
Electricity,12,50,0.04769327417
Electricity,12,51,0.048834393135
Electricity,12,52,0.04582226446
Electricity,12,53,0.03487691625
Electricity,12,54,0.026413241602500002
Electricity,12,55,0.02825
Electricity,12,56,0.03127
Electricity,12,57,0.037116028415
Electricity,12,58,0.0535948005475
Electricity,12,59,0.07053870045249999
Electricity,12,60,0.0701444039925
Electricity,12,61,0.0747678322125
Electricity,12,62,0.059418408784999995
Electricity,12,63,0.047558265849999996
Electricity,12,64,0.032451380037500005
Electricity,12,65,0.03015
Electricity,12,66,0.02817
Electricity,12,67,0.02801
Electricity,12,68,0.02850657181
Electricity,12,69,0.02492
Electricity,12,70,0.024739999999999998
Electricity,12,71,0.029183320325
Electricity,12,72,0.054640102612500005
Electricity,12,73,0.0658752618275
Electricity,12,74,0.0786037238075
Electricity,12,75,0.06262599206500001
Electricity,12,76,0.049426351175
Electricity,12,77,0.04134286115
Electricity,12,78,0.039422817655000005
Electricity,12,79,0.032339757742499996
Electricity,12,80,0.05993581361
Electricity,12,81,0.085559503715
Electricity,12,82,0.08519638161
Electricity,12,83,0.0896807635625
Electricity,12,84,0.0953782120875
Electricity,12,85,0.09156504341999999
Electricity,12,86,0.09500488006499999
Electricity,12,87,0.08912744521
Electricity,12,88,0.077354623205
Electricity,12,89,0.043330595465
Electricity,12,90,0.03149
Electricity,12,91,0.030199999999999998
Electricity,12,92,0.0291
Electricity,12,93,0.02827
Electricity,12,94,0.028030000000000003
Electricity,12,95,0.027318005575000002
Electricity,12,96,0.04310406641
Electricity,12,97,0.052492740295
Electricity,12,98,0.062779691745
Electricity,12,99,0.063905401135
Electricity,12,100,0.06021308088
Electricity,12,101,0.046207678005
Electricity,12,102,0.03577539783
Electricity,12,103,0.0308503331675
Electricity,12,104,0.0450460535525
Electricity,12,105,0.087638251595
Electricity,12,106,0.10190873005000001
Electricity,12,107,0.090022016235
Electricity,12,108,0.0909572544975
Electricity,12,109,0.068604945055
Electricity,12,110,0.056825758059999995
Electricity,12,111,0.048287207742500005
Electricity,12,112,0.04817448255
Electricity,12,113,0.047879336530000004
Electricity,12,114,0.0443929150525
Electricity,12,115,0.040971962505
Electricity,12,116,0.037448035275
Electricity,12,117,0.026415989772500002
Electricity,12,118,0.072984056395
Electricity,12,119,0.0536232847075
Electricity,12,120,0.0670860598575
Electricity,12,121,0.0719799933175
Electricity,12,122,0.049285875537499996
Electricity,12,123,0.0507401288925
Electricity,12,124,0.0495080735425
Electricity,12,125,0.0458835651025
Electricity,12,126,0.034120826967500004
Electricity,12,127,0.0337525028025
Electricity,12,128,0.0389858218875
Electricity,12,129,0.0474144622325
Electricity,12,130,0.0504928630725
Electricity,12,131,0.047437723277499996
Electricity,12,132,0.0473280714175
Electricity,12,133,0.05929410519
Electricity,12,134,0.0540113840475
Electricity,12,135,0.0536684131325
Electricity,12,136,0.053779094315000005
Electricity,12,137,0.0509070794475
Electricity,12,138,0.041663369925
Electricity,12,139,0.03557821403
Electricity,12,140,0.029796697335
Electricity,12,141,0.02573
Electricity,12,142,0.024228317115
Electricity,12,143,0.0367944761025
Electricity,12,144,0.0372256123875
Electricity,12,145,0.0382038751925
Electricity,12,146,0.04073450671
Electricity,12,147,0.0401470513
Electricity,12,148,0.041879379280000004
Electricity,12,149,0.040617938115
Electricity,12,150,0.0381397822175
Electricity,12,151,0.037026171945
Electricity,12,152,0.0374530833075
Electricity,12,153,0.056565607585000004
Electricity,12,154,0.06569393302750001
Electricity,12,155,0.0695854783975
Electricity,12,156,0.0713152276225
Electricity,12,157,0.059627673365
Electricity,12,158,0.0546144134225
Electricity,12,159,0.05250436698
Electricity,12,160,0.0486427253575
Electricity,12,161,0.0508614189675
Electricity,12,162,0.0518539472825
Electricity,12,163,0.043662575602499996
Electricity,12,164,0.0451690354525
Electricity,12,165,0.0414139092025
Electricity,12,166,0.0446038359525
Electricity,12,167,0.04384425145
Electricity,12,168,0.0414454484475
Electricity,13,1,0.03036075667
Electricity,13,2,0.028131500995
Electricity,13,3,0.028209478322500002
Electricity,13,4,0.0268640276175
Electricity,13,5,0.026874888569999998
Electricity,13,6,0.0274409457625
Electricity,13,7,0.0279984278525
Electricity,13,8,0.03903963043
Electricity,13,9,0.079870737925
Electricity,13,10,0.075211894185
Electricity,13,11,0.09027707846500001
Electricity,13,12,0.0686536713
Electricity,13,13,0.0746831035
Electricity,13,14,0.070600282555
Electricity,13,15,0.066792017185
Electricity,13,16,0.044807244762500004
Electricity,13,17,0.0394365281725
Electricity,13,18,0.031609886087500004
Electricity,13,19,0.0286564946025
Electricity,13,20,0.03024701798
Electricity,13,21,0.0294850414525
Electricity,13,22,0.030049166535
Electricity,13,23,0.03761082364
Electricity,13,24,0.04266375673
Electricity,13,25,0.0405029402775
Electricity,13,26,0.0357252644625
Electricity,13,27,0.03658759223
Electricity,13,28,0.03794307775
Electricity,13,29,0.035540339940000006
Electricity,13,30,0.032835970495
Electricity,13,31,0.035573549005
Electricity,13,32,0.0320408142175
Electricity,13,33,0.039205631347500006
Electricity,13,34,0.0406726696175
Electricity,13,35,0.052450585462500005
Electricity,13,36,0.054532223245
Electricity,13,37,0.056842943050000004
Electricity,13,38,0.046160011472500005
Electricity,13,39,0.0442296761725
Electricity,13,40,0.0410150879325
Electricity,13,41,0.038402650889999994
Electricity,13,42,0.03040565679
Electricity,13,43,0.02847098028
Electricity,13,44,0.030010422630000002
Electricity,13,45,0.0286710743425
Electricity,13,46,0.03020061174
Electricity,13,47,0.0308212398125
Electricity,13,48,0.030859333435
Electricity,13,49,0.032413450654999995
Electricity,13,50,0.03023564639
Electricity,13,51,0.0281234561775
Electricity,13,52,0.0309136667625
Electricity,13,53,0.033356476759999996
Electricity,13,54,0.029401669625
Electricity,13,55,0.03108909229
Electricity,13,56,0.0332565192225
Electricity,13,57,0.0380120746775
Electricity,13,58,0.0453141708475
Electricity,13,59,0.044426056662500005
Electricity,13,60,0.058367215275
Electricity,13,61,0.056586407265
Electricity,13,62,0.0473474710475
Electricity,13,63,0.048324367465000004
Electricity,13,64,0.041048784015
Electricity,13,65,0.0388495610525
Electricity,13,66,0.03277113416250001
Electricity,13,67,0.0304684021925
Electricity,13,68,0.0331875589
Electricity,13,69,0.02862778962
Electricity,13,70,0.0348531945475
Electricity,13,71,0.033700192862500006
Electricity,13,72,0.0327751589225
Electricity,13,73,0.03556681035
Electricity,13,74,0.033577146319999994
Electricity,13,75,0.0314429363575
Electricity,13,76,0.0310156891675
Electricity,13,77,0.0313460243475
Electricity,13,78,0.0325493078375
Electricity,13,79,0.0364057220125
Electricity,13,80,0.0356931899375
Electricity,13,81,0.037717819215
Electricity,13,82,0.04685335904
Electricity,13,83,0.0648770334675
Electricity,13,84,0.0626056652425
Electricity,13,85,0.0655483783475
Electricity,13,86,0.06939762015499999
Electricity,13,87,0.05029228946
Electricity,13,88,0.03458000278
Electricity,13,89,0.0330789498775
Electricity,13,90,0.0297552934
Electricity,13,91,0.028648357295
Electricity,13,92,0.030752546035
Electricity,13,93,0.0251545452525
Electricity,13,94,0.02874762386
Electricity,13,95,0.0342678159225
Electricity,13,96,0.038679771290000005
Electricity,13,97,0.037083820265
Electricity,13,98,0.038428527845000005
Electricity,13,99,0.0333396263575
Electricity,13,100,0.0286201448925
Electricity,13,101,0.028392537915
Electricity,13,102,0.025914203337499997
Electricity,13,103,0.0308458380075
Electricity,13,104,0.06236466049250001
Electricity,13,105,0.06543818663999999
Electricity,13,106,0.07185680095
Electricity,13,107,0.08030299246999999
Electricity,13,108,0.076527388005
Electricity,13,109,0.0767320602075
Electricity,13,110,0.0864416084425
Electricity,13,111,0.06570932041500001
Electricity,13,112,0.051062110445
Electricity,13,113,0.032555509295
Electricity,13,114,0.030057851992500002
Electricity,13,115,0.0320795833975
Electricity,13,116,0.0281519209025
Electricity,13,117,0.026120903887499998
Electricity,13,118,0.029525447535000002
Electricity,13,119,0.03339208225
Electricity,13,120,0.039244685175
Electricity,13,121,0.03779608023
Electricity,13,122,0.035341426902499994
Electricity,13,123,0.032006454834999996
Electricity,13,124,0.029611257515
Electricity,13,125,0.03196529017
Electricity,13,126,0.02901361313
Electricity,13,127,0.032000003784999995
Electricity,13,128,0.0349979355025
Electricity,13,129,0.07735885602
Electricity,13,130,0.08181642980750001
Electricity,13,131,0.08114960979500001
Electricity,13,132,0.07975845068
Electricity,13,133,0.08300392379999999
Electricity,13,134,0.08233749353
Electricity,13,135,0.07713481391499999
Electricity,13,136,0.0642200981175
Electricity,13,137,0.03400377365
Electricity,13,138,0.027674187215
Electricity,13,139,0.031149184725
Electricity,13,140,0.02817000904
Electricity,13,141,0.0258633609225
Electricity,13,142,0.04558673781
Electricity,13,143,0.037666584862500005
Electricity,13,144,0.0397980074425
Electricity,13,145,0.037724168785000005
Electricity,13,146,0.033590699215
Electricity,13,147,0.030366364302500004
Electricity,13,148,0.028261848444999998
Electricity,13,149,0.0258896022625
Electricity,13,150,0.0291049539775
Electricity,13,151,0.042068705485
Electricity,13,152,0.063376506275
Electricity,13,153,0.07181533847
Electricity,13,154,0.07243961980000001
Electricity,13,155,0.072009271485
Electricity,13,156,0.06767790381000001
Electricity,13,157,0.0667821521425
Electricity,13,158,0.07099689703999999
Electricity,13,159,0.0689242309925
Electricity,13,160,0.060083983145
Electricity,13,161,0.046868233865
Electricity,13,162,0.039118783389999995
Electricity,13,163,0.035608795455
Electricity,13,164,0.037730081935
Electricity,13,165,0.05013488688
Electricity,13,166,0.05261340525
Electricity,13,167,0.0490902874825
Electricity,13,168,0.047496070155
Electricity,14,1,0.0309699079875
Electricity,14,2,0.033210080175000004
Electricity,14,3,0.032165076595
Electricity,14,4,0.0317446631675
Electricity,14,5,0.0339666235875
Electricity,14,6,0.0327958281875
Electricity,14,7,0.029868658145
Electricity,14,8,0.02913717533
Electricity,14,9,0.030520063990000002
Electricity,14,10,0.0336527560325
Electricity,14,11,0.032439193065
Electricity,14,12,0.036449937169999995
Electricity,14,13,0.037880562405
Electricity,14,14,0.03838096036250001
Electricity,14,15,0.0358308875675
Electricity,14,16,0.0375226445625
Electricity,14,17,0.040320981045
Electricity,14,18,0.0340764843125
Electricity,14,19,0.03406139406
Electricity,14,20,0.0395558862925
Electricity,14,21,0.0470071537325
Electricity,14,22,0.0653703099525
Electricity,14,23,0.06184742145
Electricity,14,24,0.07381446261499999
Electricity,14,25,0.070370496295
Electricity,14,26,0.0624333613525
Electricity,14,27,0.0526121137225
Electricity,14,28,0.049140130405
Electricity,14,29,0.0599887819325
Electricity,14,30,0.04524377431
Electricity,14,31,0.0244103195925
Electricity,14,32,0.02450917454
Electricity,14,33,0.040679879175
Electricity,14,34,0.0434126694375
Electricity,14,35,0.042511927149999997
Electricity,14,36,0.049636084017500005
Electricity,14,37,0.0468085528775
Electricity,14,38,0.04275531366
Electricity,14,39,0.0479435659325
Electricity,14,40,0.04406600385
Electricity,14,41,0.03354269422
Electricity,14,42,0.0223533182075
Electricity,14,43,0.0213981804275
Electricity,14,44,0.02061
Electricity,14,45,0.019676253072500004
Electricity,14,46,0.0377311926075
Electricity,14,47,0.050412931970000005
Electricity,14,48,0.0627093418225
Electricity,14,49,0.0617879328875
Electricity,14,50,0.0633504097225
Electricity,14,51,0.05550383146
Electricity,14,52,0.05845319861500001
Electricity,14,53,0.04783065204
Electricity,14,54,0.031858364305
Electricity,14,55,0.0361737423725
Electricity,14,56,0.046036282445
Electricity,14,57,0.051667024455
Electricity,14,58,0.0542349812725
Electricity,14,59,0.060116561087500006
Electricity,14,60,0.06160990457
Electricity,14,61,0.05819510393
Electricity,14,62,0.06420271094999999
Electricity,14,63,0.065035300105
Electricity,14,64,0.056306785580000004
Electricity,14,65,0.035068465222500005
Electricity,14,66,0.0293211623425
Electricity,14,67,0.029649951575
Electricity,14,68,0.0316077197375
Electricity,14,69,0.031354382624999996
Electricity,14,70,0.0327719710725
Electricity,14,71,0.028819482217499998
Electricity,14,72,0.0353844558075
Electricity,14,73,0.0340938621225
Electricity,14,74,0.0313962969625
Electricity,14,75,0.0295039762275
Electricity,14,76,0.02708446817
Electricity,14,77,0.027389371865
Electricity,14,78,0.02896984787
Electricity,14,79,0.03235622174
Electricity,14,80,0.0310932117525
Electricity,14,81,0.0330149414575
Electricity,14,82,0.0378137358525
Electricity,14,83,0.040311974882500004
Electricity,14,84,0.036863066635000004
Electricity,14,85,0.048418094015
Electricity,14,86,0.0465446064725
Electricity,14,87,0.0428214574225
Electricity,14,88,0.033962635595
Electricity,14,89,0.032695071400000005
Electricity,14,90,0.02951106781
Electricity,14,91,0.02784
Electricity,14,92,0.027800000000000002
Electricity,14,93,0.0292574424225
Electricity,14,94,0.0304818117475
Electricity,14,95,0.02241416927
Electricity,14,96,0.020192746655
Electricity,14,97,0.02146592362
Electricity,14,98,0.029981898022500002
Electricity,14,99,0.02787692631
Electricity,14,100,0.0316221847825
Electricity,14,101,0.0257130516525
Electricity,14,102,0.0267785251575
Electricity,14,103,0.028454538952499997
Electricity,14,104,0.0312467859925
Electricity,14,105,0.0366851779825
Electricity,14,106,0.0521655949675
Electricity,14,107,0.054325901327499995
Electricity,14,108,0.0611592921025
Electricity,14,109,0.07135067197500002
Electricity,14,110,0.06642912811
Electricity,14,111,0.056779289835
Electricity,14,112,0.032553264204999995
Electricity,14,113,0.036306102785
Electricity,14,114,0.0336250138725
Electricity,14,115,0.02816
Electricity,14,116,0.027573805395
Electricity,14,117,0.02642802788
Electricity,14,118,0.02600186967
Electricity,14,119,0.026700141935
Electricity,14,120,0.026081960347500002
Electricity,14,121,0.024531725885
Electricity,14,122,0.027631620394999997
Electricity,14,123,0.028930220389999997
Electricity,14,124,0.0283981064675
Electricity,14,125,0.031787890965
Electricity,14,126,0.026403823545000003
Electricity,14,127,0.0305767176325
Electricity,14,128,0.0528902404025
Electricity,14,129,0.05820312741
Electricity,14,130,0.0795323240375
Electricity,14,131,0.07405221015499999
Electricity,14,132,0.0643315764075
Electricity,14,133,0.0815796278875
Electricity,14,134,0.08503156451249999
Electricity,14,135,0.081674302655
Electricity,14,136,0.058404986065000004
Electricity,14,137,0.0418864935175
Electricity,14,138,0.0369552171
Electricity,14,139,0.032245039169999996
Electricity,14,140,0.028094470155
Electricity,14,141,0.031170545065
Electricity,14,142,0.030300535675
Electricity,14,143,0.027657261739999998
Electricity,14,144,0.0207487395975
Electricity,14,145,0.02137496614
Electricity,14,146,0.01808043579
Electricity,14,147,0.015984333
Electricity,14,148,0.018645621055
Electricity,14,149,0.01902286885
Electricity,14,150,0.02236456572
Electricity,14,151,0.023055392062500003
Electricity,14,152,0.0259264159
Electricity,14,153,0.0256615186875
Electricity,14,154,0.027529982669999998
Electricity,14,155,0.0489386375975
Electricity,14,156,0.0587435971525
Electricity,14,157,0.059888155477499996
Electricity,14,158,0.061480032215
Electricity,14,159,0.05941737674
Electricity,14,160,0.06343476349
Electricity,14,161,0.056496712739999996
Electricity,14,162,0.04212164972
Electricity,14,163,0.0345756396
Electricity,14,164,0.0359414699875
Electricity,14,165,0.0473379543775
Electricity,14,166,0.06716293855
Electricity,14,167,0.059486272264999994
Electricity,14,168,0.08794718102249999
Electricity,15,1,0.03878495204
Electricity,15,2,0.0322850869125
Electricity,15,3,0.033104103015
Electricity,15,4,0.034189749847500006
Electricity,15,5,0.036411163510000004
Electricity,15,6,0.0391065260325
Electricity,15,7,0.036247682185000005
Electricity,15,8,0.033502958997500006
Electricity,15,9,0.035536022565000006
Electricity,15,10,0.0398972490925
Electricity,15,11,0.0416395857475
Electricity,15,12,0.039481997655
Electricity,15,13,0.03741898704
Electricity,15,14,0.03121459757
Electricity,15,15,0.02896526094
Electricity,15,16,0.0235075836225
Electricity,15,17,0.022960500515
Electricity,15,18,0.02352
Electricity,15,19,0.023166272105
Electricity,15,20,0.0219081642675
Electricity,15,21,0.020133501505
Electricity,15,22,0.019663275927499998
Electricity,15,23,0.020869948035
Electricity,15,24,0.0211347993825
Electricity,15,25,0.0247761045525
Electricity,15,26,0.0282740905
Electricity,15,27,0.02988861121
Electricity,15,28,0.029130966557500002
Electricity,15,29,0.0221698951725
Electricity,15,30,0.024659084890000002
Electricity,15,31,0.024972603062499998
Electricity,15,32,0.0250742082425
Electricity,15,33,0.03999607428
Electricity,15,34,0.06623633363
Electricity,15,35,0.0611414339225
Electricity,15,36,0.05129423414
Electricity,15,37,0.03943006182
Electricity,15,38,0.0293850674975
Electricity,15,39,0.029782646885
Electricity,15,40,0.0258699483
Electricity,15,41,0.02501
Electricity,15,42,0.02529
Electricity,15,43,0.0248792888725
Electricity,15,44,0.036578392344999995
Electricity,15,45,0.038692531687500004
Electricity,15,46,0.06351428638
Electricity,15,47,0.0746868907525
Electricity,15,48,0.0837877324475
Electricity,15,49,0.0914387510475
Electricity,15,50,0.0719363111775
Electricity,15,51,0.0606967731975
Electricity,15,52,0.046993377275
Electricity,15,53,0.0296818430375
Electricity,15,54,0.036595638525
Electricity,15,55,0.0347850078625
Electricity,15,56,0.032087558747499995
Electricity,15,57,0.0319234087275
Electricity,15,58,0.035893157377500005
Electricity,15,59,0.0355886567975
Electricity,15,60,0.039011805355
Electricity,15,61,0.036892695334999996
Electricity,15,62,0.038983745555
Electricity,15,63,0.03785872914
Electricity,15,64,0.033394449375
Electricity,15,65,0.02754155358
Electricity,15,66,0.02419087256
Electricity,15,67,0.02844613937
Electricity,15,68,0.03551255191
Electricity,15,69,0.03407030201249999
Electricity,15,70,0.030176607955
Electricity,15,71,0.0239801195175
Electricity,15,72,0.0303989681875
Electricity,15,73,0.0300144146075
Electricity,15,74,0.0296896486
Electricity,15,75,0.0336722215575
Electricity,15,76,0.0405518386575
Electricity,15,77,0.0324126644225
Electricity,15,78,0.029377770752499997
Electricity,15,79,0.0310830759825
Electricity,15,80,0.03445675265
Electricity,15,81,0.038047210815
Electricity,15,82,0.047190474414999996
Electricity,15,83,0.0357586771575
Electricity,15,84,0.036714861300000005
Electricity,15,85,0.035741958054999995
Electricity,15,86,0.0338747671025
Electricity,15,87,0.032228069734999996
Electricity,15,88,0.027374850200000002
Electricity,15,89,0.025236337585
Electricity,15,90,0.026987148404999998
Electricity,15,91,0.031642160705
Electricity,15,92,0.0376464879475
Electricity,15,93,0.0366497701825
Electricity,15,94,0.04047703127
Electricity,15,95,0.043402606735
Electricity,15,96,0.0430961134325
Electricity,15,97,0.0389225740575
Electricity,15,98,0.03168897508
Electricity,15,99,0.02806156471
Electricity,15,100,0.02543592139
Electricity,15,101,0.025446637755
Electricity,15,102,0.0271716106175
Electricity,15,103,0.0251210991875
Electricity,15,104,0.025992670417500002
Electricity,15,105,0.028457554654999998
Electricity,15,106,0.0313314423275
Electricity,15,107,0.036677840824999995
Electricity,15,108,0.0430459665225
Electricity,15,109,0.039855011035
Electricity,15,110,0.037228429725
Electricity,15,111,0.036349723369999996
Electricity,15,112,0.027591030485
Electricity,15,113,0.0255208026725
Electricity,15,114,0.02315921696
Electricity,15,115,0.0279481456825
Electricity,15,116,0.0337477736775
Electricity,15,117,0.0285182444975
Electricity,15,118,0.0259484419625
Electricity,15,119,0.032240854275
Electricity,15,120,0.0342799289175
Electricity,15,121,0.030253032595
Electricity,15,122,0.030130482745
Electricity,15,123,0.028861157275
Electricity,15,124,0.026948728595
Electricity,15,125,0.0303891928725
Electricity,15,126,0.0288122153025
Electricity,15,127,0.026172606004999998
Electricity,15,128,0.028265602085
Electricity,15,129,0.02862345937
Electricity,15,130,0.03227204152
Electricity,15,131,0.03400215813
Electricity,15,132,0.0366388272175
Electricity,15,133,0.038745357499999994
Electricity,15,134,0.036182289717499996
Electricity,15,135,0.032444125595000005
Electricity,15,136,0.03120314341
Electricity,15,137,0.0263193324675
Electricity,15,138,0.0245262898375
Electricity,15,139,0.0248139474
Electricity,15,140,0.029257051722500003
Electricity,15,141,0.027844738289999997
Electricity,15,142,0.02542308311
Electricity,15,143,0.0273817605175
Electricity,15,144,0.027820933665
Electricity,15,145,0.02664168902
Electricity,15,146,0.025716508515
Electricity,15,147,0.0254699569325
Electricity,15,148,0.026559743377499997
Electricity,15,149,0.0278427910025
Electricity,15,150,0.0291772611075
Electricity,15,151,0.027628400472500002
Electricity,15,152,0.0282714911375
Electricity,15,153,0.02774802401
Electricity,15,154,0.03128886858
Electricity,15,155,0.0295425735125
Electricity,15,156,0.0303251628675
Electricity,15,157,0.0320246108425
Electricity,15,158,0.0281600046575
Electricity,15,159,0.027900225375
Electricity,15,160,0.025096660205
Electricity,15,161,0.02552175241
Electricity,15,162,0.023787845494999998
Electricity,15,163,0.026109836875
Electricity,15,164,0.027200041655
Electricity,15,165,0.02684816081
Electricity,15,166,0.0278039563575
Electricity,15,167,0.030402455164999998
Electricity,15,168,0.0287451455175
Electricity,16,1,0.03110148614
Electricity,16,2,0.027030224319999997
Electricity,16,3,0.030258023874999998
Electricity,16,4,0.03194556133
Electricity,16,5,0.0327930525425
Electricity,16,6,0.0340535983175
Electricity,16,7,0.0273623416025
Electricity,16,8,0.0286179850575
Electricity,16,9,0.028517268072499997
Electricity,16,10,0.032507279435
Electricity,16,11,0.0356830828325
Electricity,16,12,0.035866593442500004
Electricity,16,13,0.0323010815075
Electricity,16,14,0.0326026653725
Electricity,16,15,0.0320796140475
Electricity,16,16,0.0321938327175
Electricity,16,17,0.036655402915
Electricity,16,18,0.041712971955
Electricity,16,19,0.039990973949999994
Electricity,16,20,0.0463097023575
Electricity,16,21,0.038483563410000005
Electricity,16,22,0.038827429430000004
Electricity,16,23,0.0325899581625
Electricity,16,24,0.029446909515
Electricity,16,25,0.029074501065
Electricity,16,26,0.029175121815
Electricity,16,27,0.025789896022499998
Electricity,16,28,0.02586854852
Electricity,16,29,0.0398660327375
Electricity,16,30,0.037868966665
Electricity,16,31,0.03392911524
Electricity,16,32,0.03249497335
Electricity,16,33,0.0333593854325
Electricity,16,34,0.03678305341
Electricity,16,35,0.0480011233825
Electricity,16,36,0.044433277699999996
Electricity,16,37,0.0385313860375
Electricity,16,38,0.0417674368425
Electricity,16,39,0.0387730725125
Electricity,16,40,0.03963131093
Electricity,16,41,0.0292775161975
Electricity,16,42,0.026678113965
Electricity,16,43,0.027910969825
Electricity,16,44,0.037721959742500005
Electricity,16,45,0.0428416463075
Electricity,16,46,0.0322129394025
Electricity,16,47,0.040081269625
Electricity,16,48,0.049550211744999996
Electricity,16,49,0.0514874689475
Electricity,16,50,0.05868410934
Electricity,16,51,0.049273614995
Electricity,16,52,0.04213659423
Electricity,16,53,0.040478722079999994
Electricity,16,54,0.0516486499675
Electricity,16,55,0.039955992610000005
Electricity,16,56,0.03817242815
Electricity,16,57,0.038294264535000004
Electricity,16,58,0.0348300415675
Electricity,16,59,0.0372529516675
Electricity,16,60,0.038544773722499995
Electricity,16,61,0.0382591876925
Electricity,16,62,0.0363735163375
Electricity,16,63,0.035355315345
Electricity,16,64,0.037054608254999996
Electricity,16,65,0.034271230885000004
Electricity,16,66,0.028985196505
Electricity,16,67,0.0341285310325
Electricity,16,68,0.040026806325000004
Electricity,16,69,0.051181935695
Electricity,16,70,0.0520536409475
Electricity,16,71,0.06958541903
Electricity,16,72,0.0450266190925
Electricity,16,73,0.062853388255
Electricity,16,74,0.0543291352425
Electricity,16,75,0.05206405365
Electricity,16,76,0.0482802337025
Electricity,16,77,0.042095981889999995
Electricity,16,78,0.038224801325
Electricity,16,79,0.036986581095
Electricity,16,80,0.03346715736
Electricity,16,81,0.039938652150000004
Electricity,16,82,0.0392298569925
Electricity,16,83,0.04473025354
Electricity,16,84,0.0512167734325
Electricity,16,85,0.045983734315
Electricity,16,86,0.035760850652499995
Electricity,16,87,0.036772067195
Electricity,16,88,0.0407556963475
Electricity,16,89,0.0353435971125
Electricity,16,90,0.0427861563575
Electricity,16,91,0.06868733971499999
Electricity,16,92,0.08130418381
Electricity,16,93,0.09111526705
Electricity,16,94,0.0922037624025
Electricity,16,95,0.0810236110275
Electricity,16,96,0.0723580890675
Electricity,16,97,0.0648635094075
Electricity,16,98,0.06367229871
Electricity,16,99,0.052101306127500004
Electricity,16,100,0.0499326291025
Electricity,16,101,0.052317332550000005
Electricity,16,102,0.0598530912975
Electricity,16,103,0.0668109496275
Electricity,16,104,0.07383559859000001
Electricity,16,105,0.070624497835
Electricity,16,106,0.0683449689325
Electricity,16,107,0.07042919229
Electricity,16,108,0.062038720384999996
Electricity,16,109,0.062012085849999996
Electricity,16,110,0.0560572233325
Electricity,16,111,0.0602128223675
Electricity,16,112,0.0650546557725
Electricity,16,113,0.06464639112500001
Electricity,16,114,0.06518768435
Electricity,16,115,0.0668212832775
Electricity,16,116,0.06535202204999999
Electricity,16,117,0.060806957095
Electricity,16,118,0.05866396778
Electricity,16,119,0.0711957845675
Electricity,16,120,0.061832035060000005
Electricity,16,121,0.06549382334
Electricity,16,122,0.061644464602500004
Electricity,16,123,0.057971508635
Electricity,16,124,0.0579372759325
Electricity,16,125,0.0642297674325
Electricity,16,126,0.061361981035
Electricity,16,127,0.04942625949
Electricity,16,128,0.076377333345
Electricity,16,129,0.06629615590749999
Electricity,16,130,0.0703703608825
Electricity,16,131,0.06478478341749999
Electricity,16,132,0.06058807463
Electricity,16,133,0.04932830066
Electricity,16,134,0.049670804807499996
Electricity,16,135,0.04845002786
Electricity,16,136,0.0407237383725
Electricity,16,137,0.0542729179375
Electricity,16,138,0.059178073515
Electricity,16,139,0.0676103761825
Electricity,16,140,0.06859406209
Electricity,16,141,0.07090122395000001
Electricity,16,142,0.0771603164075
Electricity,16,143,0.0829352898675
Electricity,16,144,0.0670245524975
Electricity,16,145,0.0645170002525
Electricity,16,146,0.057174436425
Electricity,16,147,0.053058882335
Electricity,16,148,0.056932367149999996
Electricity,16,149,0.059616293107499996
Electricity,16,150,0.06828562377750001
Electricity,16,151,0.07803278982749999
Electricity,16,152,0.093601108625
Electricity,16,153,0.09528867639000001
Electricity,16,154,0.09699379872750001
Electricity,16,155,0.09007061038
Electricity,16,156,0.08311835634499999
Electricity,16,157,0.063074015085
Electricity,16,158,0.05286510067
Electricity,16,159,0.05001532199
Electricity,16,160,0.07635524011
Electricity,16,161,0.0834959784325
Electricity,16,162,0.109781823575
Electricity,16,163,0.112502991625
Electricity,16,164,0.12885552895000002
Electricity,16,165,0.157279060425
Electricity,16,166,0.15973666772500003
Electricity,16,167,0.15851913010000002
Electricity,16,168,0.1157830943
Electricity,17,1,0.0505790305275
Electricity,18,1,0.037262014575
