0.0
0.0
0.0
0.0
0.0
0.0
0.0
0.0
4.0
20.0
32.0
43.0
42.0
38.0
29.0
15.0
2.0
0.0
0.0
0.0
0.0
0.0
0.0
0.0
0.0
0.0
0.0
0.0
0.0
0.0
0.0
0.0
6.0
16.0
25.0
31.0
30.0
280.0
201.0
119.0
7.0
0.0
0.0
0.0
0.0
0.0
0.0
0.0
0.0
0.0
0.0
0.0
0.0
0.0
0.0
0.0
5.0
42.0
72.0
91.0
96.0
85.0
64.0
35.0
2.0
0.0
0.0
0.0
0.0
0.0
0.0
0.0
0.0
0.0
0.0
0.0
0.0
0.0
0.0
0.0
5.0
47.0
82.0
101.0
110.0
94.0
71.0
41.0
2.0
0.0
0.0
0.0
0.0
0.0
0.0
0.0
0.0
0.0
0.0
0.0
0.0
0.0
0.0
0.0
14.0
126.0
209.0
306.0
360.0
301.0
210.0
112.0
7.0
0.0
0.0
0.0
0.0
0.0
0.0
0.0
0.0
0.0
0.0
0.0
0.0
0.0
0.0
0.0
16.0
124.0
197.0
262.0
287.0
266.0
189.0
90.0
2.0
0.0
0.0
0.0
0.0
0.0
0.0
0.0
0.0
0.0
0.0
0.0
0.0
0.0
0.0
0.0
11.0
111.0
271.0
329.0
224.0
192.0
141.0
115.0
7.0
0.0
0.0
0.0
0.0
0.0
0.0
0.0
0.0
0.0
0.0
0.0
0.0
0.0
0.0
0.0
2.0
41.0
76.0
104.0
128.0
116.0
87.0
49.0
3.0
0.0
0.0
0.0
0.0
0.0
0.0
0.0
0.0
0.0
0.0
0.0
0.0
0.0
0.0
0.0
2.0
104.0
176.0
252.0
301.0
279.0
272.0
134.0
14.0
0.0
0.0
0.0
0.0
0.0
0.0
0.0
0.0
0.0
0.0
0.0
0.0
0.0
0.0
0.0
5.0
97.0
181.0
252.0
272.0
257.0
174.0
93.0
3.0
0.0
0.0
0.0
0.0
0.0
0.0
0.0
0.0
0.0
0.0
0.0
0.0
0.0
0.0
0.0
2.0
104.0
160.0
216.0
265.0
343.0
218.0
112.0
16.0
0.0
0.0
0.0
0.0
0.0
0.0
0.0
0.0
0.0
0.0
0.0
0.0
0.0
0.0
0.0
8.0
105.0
200.0
300.0
301.0
233.0
206.0
129.0
16.0
0.0
0.0
0.0
0.0
0.0
0.0
0.0
0.0
0.0
0.0
0.0
0.0
0.0
0.0
0.0
2.0
79.0
155.0
219.0
234.0
214.0
161.0
83.0
4.0
0.0
0.0
0.0
0.0
0.0
0.0
0.0
0.0
0.0
0.0
0.0
0.0
0.0
0.0
0.0
2.0
95.0
182.0
260.0
275.0
289.0
229.0
146.0
21.0
0.0
0.0
0.0
0.0
0.0
0.0
0.0
0.0
0.0
0.0
0.0
0.0
0.0
0.0
0.0
2.0
65.0
117.0
193.0
226.0
191.0
142.0
89.0
42.0
0.0
0.0
0.0
0.0
0.0
0.0
0.0
0.0
0.0
0.0
0.0
0.0
0.0
0.0
0.0
6.0
71.0
147.0
195.0
201.0
150.0
176.0
70.0
56.0
0.0
0.0
0.0
0.0
0.0
0.0
0.0
0.0
0.0
0.0
0.0
0.0
0.0
0.0
0.0
7.0
113.0
207.0
286.0
337.0
330.0
277.0
113.0
49.0
0.0
0.0
0.0
0.0
0.0
0.0
0.0
0.0
0.0
0.0
0.0
0.0
0.0
0.0
0.0
10.0
135.0
230.0
357.0
353.0
302.0
211.0
156.0
57.0
0.0
0.0
0.0
0.0
0.0
0.0
0.0
0.0
0.0
0.0
0.0
0.0
0.0
0.0
0.0
3.0
13.0
24.0
31.0
35.0
263.0
215.0
143.0
53.0
0.0
0.0
0.0
0.0
0.0
0.0
0.0
0.0
0.0
0.0
0.0
0.0
0.0
0.0
0.0
3.0
41.0
68.0
98.0
113.0
105.0
86.0
60.0
27.0
0.0
0.0
0.0
0.0
0.0
0.0
0.0
0.0
0.0
0.0
0.0
0.0
0.0
0.0
0.0
2.0
44.0
127.0
205.0
169.0
146.0
152.0
109.0
47.0
1.0
0.0
0.0
0.0
0.0
0.0
0.0
0.0
0.0
0.0
0.0
0.0
0.0
0.0
0.0
15.0
44.0
67.0
88.0
88.0
87.0
67.0
51.0
26.0
3.0
0.0
0.0
0.0
0.0
0.0
0.0
0.0
0.0
0.0
0.0
0.0
0.0
0.0
0.0
40.0
107.0
183.0
243.0
252.0
246.0
213.0
169.0
82.0
3.0
0.0
0.0
0.0
0.0
0.0
0.0
0.0
0.0
0.0
0.0
0.0
0.0
0.0
0.0
41.0
156.0
193.0
70.0
188.0
126.0
142.0
223.0
138.0
34.0
0.0
0.0
0.0
0.0
0.0
0.0
0.0
0.0
0.0
0.0
0.0
0.0
0.0
1.0
96.0
249.0
384.0
473.0
507.0
494.0
428.0
320.0
176.0
18.0
0.0
0.0
0.0
0.0
0.0
0.0
0.0
0.0
0.0
0.0
0.0
0.0
0.0
0.0
76.0
191.0
314.0
381.0
380.0
371.0
334.0
262.0
148.0
16.0
0.0
0.0
0.0
0.0
0.0
0.0
0.0
0.0
0.0
0.0
0.0
0.0
0.0
1.0
88.0
219.0
268.0
329.0
328.0
514.0
362.0
309.0
153.0
12.0
0.0
0.0
0.0
0.0
0.0
0.0
0.0
0.0
0.0
0.0
0.0
0.0
0.0
1.0
84.0
211.0
330.0
404.0
409.0
465.0
432.0
293.0
160.0
19.0
0.0
0.0
0.0
0.0
0.0
0.0
0.0
0.0
0.0
0.0
0.0
0.0
0.0
0.0
6.0
14.0
50.0
111.0
244.0
226.0
310.0
116.0
57.0
6.0
0.0
0.0
0.0
0.0
0.0
0.0
0.0
0.0
0.0
0.0
0.0
0.0
0.0
0.0
4.0
15.0
25.0
42.0
41.0
300.0
262.0
185.0
83.0
2.0
0.0
0.0
0.0
0.0
0.0
0.0
0.0
0.0
0.0
0.0
0.0
0.0
0.0
0.0
4.0
73.0
164.0
228.0
207.0
182.0
139.0
86.0
64.0
2.0
0.0
0.0
0.0
0.0
0.0
0.0
0.0
0.0
0.0
0.0
0.0
0.0
0.0
0.0
20.0
157.0
262.0
347.0
353.0
343.0
332.0
231.0
131.0
6.0
0.0
0.0
0.0
0.0
0.0
0.0
0.0
0.0
0.0
0.0
0.0
0.0
0.0
0.0
20.0
143.0
255.0
311.0
353.0
351.0
291.0
199.0
88.0
1.0
0.0
0.0
0.0
0.0
0.0
0.0
0.0
0.0
0.0
0.0
0.0
0.0
0.0
0.0
14.0
92.0
164.0
226.0
244.0
240.0
167.0
135.0
66.0
1.0
0.0
0.0
0.0
0.0
0.0
0.0
0.0
0.0
0.0
0.0
0.0
0.0
0.0
0.0
49.0
138.0
217.0
271.0
321.0
336.0
349.0
209.0
119.0
20.0
0.0
0.0
0.0
0.0
0.0
0.0
0.0
0.0
0.0
0.0
0.0
0.0
0.0
0.0
61.0
194.0
319.0
408.0
462.0
430.0
351.0
243.0
118.0
3.0
0.0
0.0
0.0
0.0
0.0
0.0
0.0
0.0
0.0
0.0
0.0
0.0
0.0
0.0
17.0
52.0
88.0
114.0
123.0
122.0
105.0
73.0
36.0
2.0
0.0
0.0
0.0
0.0
0.0
0.0
0.0
0.0
0.0
0.0
0.0
0.0
0.0
0.0
65.0
183.0
240.0
270.0
369.0
324.0
309.0
275.0
150.0
16.0
0.0
0.0
0.0
0.0
0.0
0.0
0.0
0.0
0.0
0.0
0.0
0.0
0.0
0.0
7.0
17.0
35.0
68.0
74.0
368.0
329.0
228.0
116.0
9.0
0.0
0.0
0.0
0.0
0.0
0.0
0.0
0.0
0.0
0.0
0.0
0.0
0.0
0.0
6.0
29.0
276.0
283.0
521.0
365.0
273.0
209.0
58.0
3.0
0.0
0.0
0.0
0.0
0.0
0.0
0.0
0.0
0.0
0.0
0.0
0.0
0.0
0.0
72.0
234.0
314.0
344.0
282.0
298.0
139.0
98.0
29.0
3.0
0.0
0.0
0.0
0.0
0.0
0.0
0.0
0.0
0.0
0.0
0.0
0.0
0.0
0.0
6.0
70.0
160.0
217.0
286.0
271.0
284.0
265.0
168.0
28.0
0.0
0.0
0.0
0.0
0.0
0.0
0.0
0.0
0.0
0.0
0.0
0.0
0.0
58.0
200.0
347.0
468.0
553.0
578.0
575.0
513.0
393.0
268.0
123.0
4.0
0.0
0.0
0.0
0.0
0.0
0.0
0.0
0.0
0.0
0.0
0.0
0.0
40.0
99.0
156.0
123.0
203.0
193.0
158.0
188.0
213.0
150.0
57.0
2.0
0.0
0.0
0.0
0.0
0.0
0.0
0.0
0.0
0.0
0.0
0.0
0.0
49.0
162.0
286.0
382.0
451.0
482.0
470.0
411.0
330.0
215.0
95.0
2.0
0.0
0.0
0.0
0.0
0.0
0.0
0.0
0.0
0.0
0.0
0.0
0.0
28.0
97.0
171.0
208.0
205.0
225.0
173.0
115.0
71.0
82.0
30.0
2.0
0.0
0.0
0.0
0.0
0.0
0.0
0.0
0.0
0.0
0.0
0.0
0.0
72.0
147.0
266.0
380.0
313.0
420.0
303.0
284.0
202.0
51.0
12.0
2.0
0.0
0.0
0.0
0.0
0.0
0.0
0.0
0.0
0.0
0.0
0.0
0.0
37.0
117.0
202.0
266.0
278.0
309.0
274.0
264.0
222.0
153.0
69.0
2.0
0.0
0.0
0.0
0.0
0.0
0.0
0.0
0.0
0.0
0.0
0.0
0.0
79.0
223.0
366.0
488.0
579.0
627.0
619.0
559.0
455.0
308.0
149.0
8.0
0.0
0.0
0.0
0.0
0.0
0.0
0.0
0.0
0.0
0.0
0.0
5.0
49.0
95.0
142.0
158.0
163.0
179.0
179.0
157.0
131.0
86.0
46.0
4.0
0.0
0.0
0.0
0.0
0.0
0.0
0.0
0.0
0.0
0.0
0.0
7.0
87.0
162.0
238.0
315.0
353.0
357.0
358.0
308.0
240.0
168.0
74.0
4.0
0.0
0.0
0.0
0.0
0.0
0.0
0.0
0.0
0.0
0.0
0.0
13.0
67.0
99.0
174.0
263.0
288.0
311.0
252.0
225.0
212.0
127.0
74.0
3.0
0.0
0.0
0.0
0.0
0.0
0.0
0.0
0.0
0.0
0.0
0.0
8.0
87.0
165.0
233.0
318.0
334.0
353.0
291.0
254.0
197.0
125.0
65.0
3.0
0.0
0.0
0.0
0.0
0.0
0.0
0.0
0.0
0.0
0.0
0.0
14.0
185.0
362.0
520.0
633.0
708.0
727.0
694.0
616.0
498.0
339.0
170.0
10.0
0.0
0.0
0.0
0.0
0.0
0.0
0.0
0.0
0.0
0.0
0.0
7.0
81.0
162.0
232.0
272.0
319.0
329.0
284.0
248.0
184.0
129.0
60.0
3.0
0.0
0.0
0.0
0.0
0.0
0.0
0.0
0.0
0.0
0.0
0.0
3.0
36.0
145.0
188.0
444.0
515.0
316.0
282.0
389.0
499.0
385.0
188.0
16.0
0.0
0.0
0.0
0.0
0.0
0.0
0.0
0.0
0.0
0.0
0.0
2.0
97.0
224.0
364.0
503.0
598.0
660.0
664.0
640.0
512.0
368.0
189.0
19.0
0.0
0.0
0.0
0.0
0.0
0.0
0.0
0.0
0.0
0.0
0.0
4.0
130.0
318.0
439.0
604.0
591.0
601.0
545.0
531.0
389.0
293.0
147.0
7.0
0.0
0.0
0.0
0.0
0.0
0.0
0.0
0.0
0.0
0.0
0.0
5.0
137.0
312.0
478.0
618.0
708.0
753.0
733.0
656.0
540.0
384.0
205.0
23.0
0.0
0.0
0.0
0.0
0.0
0.0
0.0
0.0
0.0
0.0
0.0
3.0
112.0
237.0
385.0
532.0
435.0
461.0
542.0
407.0
258.0
186.0
69.0
4.0
0.0
0.0
0.0
0.0
0.0
0.0
0.0
0.0
0.0
0.0
0.0
6.0
147.0
321.0
486.0
616.0
702.0
736.0
723.0
646.0
530.0
370.0
198.0
21.0
0.0
0.0
0.0
0.0
0.0
0.0
0.0
0.0
0.0
0.0
0.0
8.0
158.0
338.0
508.0
645.0
735.0
775.0
757.0
681.0
557.0
391.0
209.0
24.0
0.0
0.0
0.0
0.0
0.0
0.0
0.0
0.0
0.0
0.0
0.0
2.0
54.0
120.0
173.0
222.0
250.0
280.0
258.0
249.0
204.0
138.0
70.0
9.0
0.0
0.0
0.0
0.0
0.0
0.0
0.0
0.0
0.0
0.0
1.0
32.0
108.0
178.0
298.0
386.0
469.0
437.0
380.0
367.0
387.0
291.0
224.0
125.0
8.0
0.0
0.0
0.0
0.0
0.0
0.0
0.0
0.0
0.0
1.0
49.0
130.0
205.0
288.0
331.0
382.0
350.0
367.0
349.0
285.0
224.0
136.0
56.0
1.0
0.0
0.0
0.0
0.0
0.0
0.0
0.0
0.0
0.0
1.0
42.0
108.0
173.0
235.0
282.0
319.0
323.0
308.0
270.0
231.0
193.0
112.0
43.0
1.0
0.0
0.0
0.0
0.0
0.0
0.0
0.0
0.0
0.0
3.0
69.0
133.0
257.0
472.0
599.0
673.0
690.0
717.0
582.0
506.0
332.0
157.0
44.0
1.0
0.0
0.0
0.0
0.0
0.0
0.0
0.0
0.0
0.0
1.0
47.0
107.0
171.0
219.0
280.0
310.0
337.0
309.0
293.0
258.0
198.0
123.0
48.0
1.0
0.0
0.0
0.0
0.0
0.0
0.0
0.0
0.0
0.0
1.0
92.0
293.0
407.0
482.0
657.0
563.0
591.0
462.0
505.0
601.0
420.0
297.0
136.0
9.0
0.0
0.0
0.0
0.0
0.0
0.0
0.0
0.0
0.0
4.0
122.0
290.0
463.0
621.0
744.0
818.0
847.0
809.0
720.0
603.0
452.0
285.0
120.0
3.0
0.0
0.0
0.0
0.0
0.0
0.0
0.0
0.0
0.0
20.0
172.0
386.0
448.0
536.0
597.0
442.0
448.0
210.0
67.0
56.0
51.0
69.0
28.0
2.0
0.0
0.0
0.0
0.0
0.0
0.0
0.0
0.0
0.0
5.0
98.0
289.0
495.0
662.0
709.0
760.0
554.0
630.0
469.0
398.0
366.0
267.0
147.0
22.0
0.0
0.0
0.0
0.0
0.0
0.0
0.0
0.0
0.0
5.0
76.0
174.0
280.0
368.0
436.0
524.0
494.0
508.0
408.0
378.0
287.0
198.0
84.0
3.0
0.0
0.0
0.0
0.0
0.0
0.0
0.0
0.0
0.0
11.0
111.0
209.0
312.0
420.0
552.0
599.0
595.0
580.0
514.0
409.0
304.0
178.0
86.0
3.0
0.0
0.0
0.0
0.0
0.0
0.0
0.0
0.0
0.0
16.0
186.0
377.0
596.0
752.0
919.0
485.0
459.0
448.0
346.0
279.0
174.0
104.0
50.0
3.0
0.0
0.0
0.0
0.0
0.0
0.0
0.0
0.0
0.0
10.0
87.0
156.0
248.0
282.0
329.0
366.0
411.0
427.0
397.0
320.0
227.0
159.0
64.0
3.0
0.0
0.0
0.0
0.0
0.0
0.0
0.0
0.0
0.0
15.0
157.0
314.0
463.0
591.0
708.0
770.0
805.0
781.0
687.0
613.0
469.0
315.0
161.0
16.0
0.0
0.0
0.0
0.0
0.0
0.0
0.0
0.0
0.0
70.0
215.0
371.0
524.0
665.0
756.0
818.0
824.0
810.0
762.0
657.0
537.0
384.0
228.0
85.0
2.0
0.0
0.0
0.0
0.0
0.0
0.0
0.0
0.0
62.0
184.0
335.0
482.0
629.0
737.0
804.0
832.0
811.0
733.0
639.0
509.0
355.0
202.0
72.0
1.0
0.0
0.0
0.0
0.0
0.0
0.0
0.0
0.0
77.0
229.0
411.0
590.0
745.0
867.0
944.0
972.0
949.0
877.0
761.0
608.0
432.0
252.0
94.0
1.0
0.0
0.0
0.0
0.0
0.0
0.0
0.0
0.0
75.0
222.0
396.0
567.0
721.0
843.0
918.0
941.0
917.0
846.0
734.0
586.0
417.0
243.0
92.0
1.0
0.0
0.0
0.0
0.0
0.0
0.0
0.0
0.0
44.0
118.0
331.0
387.0
477.0
467.0
505.0
448.0
232.0
366.0
368.0
325.0
182.0
110.0
8.0
1.0
0.0
0.0
0.0
0.0
0.0
0.0
0.0
0.0
19.0
84.0
188.0
205.0
315.0
193.0
257.0
205.0
349.0
373.0
288.0
169.0
125.0
22.0
8.0
1.0
0.0
0.0
0.0
0.0
0.0
0.0
0.0
1.0
63.0
174.0
341.0
489.0
643.0
691.0
742.0
709.0
664.0
576.0
594.0
513.0
392.0
238.0
101.0
3.0
0.0
0.0
0.0
0.0
0.0
0.0
0.0
0.0
85.0
253.0
451.0
669.0
849.0
949.0
434.0
433.0
375.0
348.0
304.0
278.0
187.0
113.0
39.0
0.0
0.0
0.0
0.0
0.0
0.0
0.0
0.0
0.0
55.0
71.0
237.0
337.0
289.0
768.0
265.0
621.0
787.0
908.0
550.0
211.0
144.0
51.0
31.0
0.0
0.0
0.0
0.0
0.0
0.0
0.0
0.0
0.0
60.0
184.0
336.0
483.0
609.0
713.0
783.0
793.0
780.0
716.0
617.0
491.0
345.0
192.0
65.0
0.0
0.0
0.0
0.0
0.0
0.0
0.0
0.0
0.0
51.0
162.0
286.0
410.0
511.0
600.0
636.0
662.0
647.0
591.0
515.0
416.0
288.0
166.0
55.0
0.0
0.0
0.0
0.0
0.0
0.0
0.0
0.0
0.0
37.0
135.0
215.0
246.0
194.0
274.0
300.0
491.0
471.0
555.0
523.0
509.0
478.0
276.0
99.0
4.0
0.0
0.0
0.0
0.0
0.0
0.0
0.0
1.0
44.0
80.0
108.0
190.0
328.0
462.0
451.0
502.0
477.0
518.0
288.0
230.0
179.0
274.0
99.0
5.0
0.0
0.0
0.0
0.0
0.0
0.0
0.0
0.0
80.0
235.0
419.0
599.0
759.0
881.0
955.0
983.0
961.0
890.0
770.0
616.0
436.0
252.0
91.0
1.0
0.0
0.0
0.0
0.0
0.0
0.0
0.0
0.0
6.0
139.0
319.0
503.0
669.0
798.0
881.0
914.0
892.0
823.0
700.0
543.0
365.0
183.0
17.0
0.0
0.0
0.0
0.0
0.0
0.0
0.0
0.0
0.0
2.0
65.0
173.0
264.0
369.0
450.0
527.0
566.0
576.0
500.0
415.0
285.0
193.0
88.0
4.0
0.0
0.0
0.0
0.0
0.0
0.0
0.0
0.0
0.0
1.0
49.0
128.0
211.0
293.0
368.0
425.0
461.0
443.0
391.0
323.0
259.0
184.0
98.0
9.0
0.0
0.0
0.0
0.0
0.0
0.0
0.0
0.0
0.0
3.0
108.0
257.0
417.0
552.0
674.0
764.0
786.0
787.0
723.0
615.0
466.0
314.0
158.0
15.0
0.0
0.0
0.0
0.0
0.0
0.0
0.0
0.0
0.0
4.0
132.0
335.0
471.0
627.0
768.0
536.0
592.0
640.0
511.0
461.0
326.0
240.0
127.0
5.0
0.0
0.0
0.0
0.0
0.0
0.0
0.0
0.0
0.0
3.0
106.0
252.0
417.0
571.0
695.0
770.0
780.0
763.0
691.0
583.0
449.0
289.0
137.0
8.0
0.0
0.0
0.0
0.0
0.0
0.0
0.0
0.0
0.0
2.0
69.0
153.0
250.0
353.0
457.0
527.0
561.0
492.0
439.0
361.0
263.0
172.0
75.0
3.0
0.0
0.0
0.0
0.0
0.0
0.0
0.0
0.0
0.0
0.0
0.0
46.0
114.0
107.0
314.0
274.0
306.0
448.0
261.0
250.0
150.0
7.0
0.0
0.0
0.0
0.0
0.0
0.0
0.0
0.0
0.0
0.0
0.0
0.0
0.0
4.0
15.0
74.0
180.0
355.0
445.0
416.0
394.0
254.0
117.0
2.0
0.0
0.0
0.0
0.0
0.0
0.0
0.0
0.0
0.0
0.0
0.0
0.0
0.0
21.0
186.0
337.0
438.0
506.0
527.0
484.0
379.0
261.0
109.0
2.0
0.0
0.0
0.0
0.0
0.0
0.0
0.0
0.0
0.0
0.0
0.0
0.0
0.0
19.0
176.0
322.0
430.0
504.0
518.0
464.0
370.0
241.0
106.0
1.0
0.0
0.0
0.0
0.0
0.0
0.0
0.0
0.0
0.0
0.0
0.0
0.0
0.0
9.0
111.0
211.0
284.0
324.0
330.0
284.0
228.0
140.0
54.0
1.0
0.0
0.0
0.0
0.0
0.0
0.0
0.0
0.0
0.0
0.0
0.0
0.0
0.0
11.0
122.0
222.0
292.0
341.0
339.0
309.0
250.0
149.0
60.0
1.0
0.0
0.0
0.0
0.0
0.0
0.0
0.0
0.0
0.0
0.0
0.0
0.0
0.0
10.0
115.0
219.0
306.0
336.0
329.0
298.0
255.0
155.0
66.0
1.0
0.0
0.0
0.0
0.0
0.0
0.0
0.0
0.0
0.0
0.0
0.0
0.0
0.0
0.0
28.0
54.0
103.0
138.0
131.0
146.0
88.0
91.0
11.0
0.0
0.0
0.0
0.0
0.0
0.0
0.0
0.0
0.0
0.0
0.0
0.0
0.0
0.0
0.0
42.0
115.0
169.0
196.0
198.0
199.0
141.0
81.0
3.0
0.0
0.0
0.0
0.0
0.0
0.0
0.0
0.0
0.0
0.0
0.0
0.0
0.0
0.0
0.0
75.0
199.0
315.0
380.0
400.0
368.0
282.0
160.0
17.0
0.0
0.0
0.0
0.0
0.0
0.0
0.0
0.0
0.0
0.0
0.0
0.0
0.0
0.0
0.0
21.0
56.0
86.0
107.0
109.0
99.0
75.0
41.0
3.0
0.0
0.0
0.0
0.0
0.0
0.0
0.0
0.0
0.0
0.0
0.0
0.0
0.0
0.0
0.0
30.0
101.0
239.0
350.0
276.0
78.0
87.0
60.0
40.0
0.0
0.0
0.0
0.0
0.0
0.0
0.0
0.0
0.0
0.0
0.0
0.0
0.0
0.0
0.0
46.0
59.0
142.0
320.0
286.0
197.0
61.0
84.0
35.0
0.0
0.0
0.0
0.0
0.0
0.0
0.0
0.0
0.0
0.0
0.0
0.0
0.0
0.0
0.0
32.0
49.0
95.0
256.0
226.0
251.0
176.0
140.0
41.0
0.0
0.0
0.0
0.0
0.0
0.0
0.0
0.0
859.1
