0.0
0.0
0.0
0.0
0.0
0.0
0.0
0.0
32.0
49.0
95.0
256.0
226.0
251.0
176.0
140.0
41.0
0.0
0.0
0.0
0.0
0.0
0.0
0.0
0.0
0.0
0.0
0.0
0.0
0.0
0.0
0.0
15.0
44.0
67.0
88.0
88.0
87.0
67.0
51.0
26.0
3.0
0.0
0.0
0.0
0.0
0.0
0.0
0.0
0.0
0.0
0.0
0.0
0.0
0.0
2.0
15.0
24.0
59.0
50.0
64.0
363.0
291.0
174.0
66.0
0.0
0.0
0.0
0.0
0.0
0.0
0.0
0.0
0.0
0.0
0.0
0.0
0.0
0.0
0.0
2.0
79.0
155.0
219.0
234.0
214.0
161.0
83.0
4.0
0.0
0.0
0.0
0.0
0.0
0.0
0.0
0.0
0.0
0.0
0.0
0.0
0.0
6.0
125.0
230.0
512.0
674.0
514.0
323.0
364.0
193.0
129.0
114.0
116.0
8.0
0.0
0.0
0.0
0.0
0.0
0.0
0.0
0.0
0.0
0.0
0.0
3.0
128.0
296.0
457.0
579.0
655.0
679.0
649.0
559.0
427.0
261.0
95.0
0.0
0.0
0.0
0.0
0.0
0.0
0.0
0.0
0.0
0.0
0.0
0.0
1.0
73.0
164.0
238.0
352.0
394.0
419.0
386.0
344.0
277.0
137.0
68.0
0.0
0.0
0.0
0.0
0.0
0.0
0.0
0.0
0.0
0.0
0.0
0.0
3.0
136.0
313.0
476.0
607.0
688.0
707.0
672.0
584.0
448.0
278.0
105.0
1.0
0.0
0.0
0.0
0.0
0.0
0.0
0.0
0.0
0.0
0.0
56.0
196.0
370.0
543.0
697.0
822.0
903.0
939.0
925.0
860.0
749.0
602.0
432.0
255.0
96.0
1.0
0.0
0.0
0.0
0.0
0.0
0.0
0.0
0.0
0.0
51.0
185.0
342.0
487.0
592.0
669.0
715.0
694.0
623.0
500.0
368.0
197.0
65.0
0.0
0.0
0.0
0.0
0.0
0.0
859.1
