2.68
2.27
1.99
1.94
1.25
0.82
0.69
0.7
0.95
1.55
2.58
3.39
3.95
4.36
4.61
4.57
4.34
4.03
3.62
2.6
2.16
1.66
1.27
0.5
-0.97
-0.84
-0.83
-0.68
-0.69
-0.73
-0.68
-1.16
-1.05
0.1
1.82
3.33
4.37
4.71
4.45
3.84
3.18
2.76
2.45
1.98
2.1
2.16
2.17
2.24
7.93
7.73
7.6
7.37
6.93
6.93
7.04
4.82
4.62
5.47
6.78
7.98
9.12
9.66
9.7
9.33
8.89
8.41
7.97
7.34
6.98
6.71
6.49
6.39
5.37
5.14
4.75
4.52
4.65
4.49
4.86
6.71
8.12
9.6
10.35
10.6
11.16
11.63
10.64
9.62
8.47
8.07
7.77
7.67
7.0
6.38
5.82
5.77
13.13
12.9
12.66
12.43
12.24
12.06
11.93
11.77
11.93
12.1
12.37
12.48
12.7
12.52
12.3
12.13
12.02
11.66
11.5
11.25
11.08
10.98
10.94
10.88
11.39
11.27
11.36
11.24
11.31
11.29
11.22
11.16
11.07
11.25
11.76
12.09
12.43
12.65
12.67
12.61
12.36
12.09
11.89
11.78
11.38
11.11
10.7
10.38
12.62
12.3
11.98
11.78
11.58
11.69
12.69
14.71
15.94
16.99
18.05
18.74
19.2
19.68
19.77
19.8
19.61
19.09
18.65
17.72
16.93
16.2
15.52
14.45
11.44
11.62
11.6
11.7
11.64
11.74
12.2
12.76
13.2
14.48
15.27
16.1
17.12
17.68
18.09
18.25
18.07
17.53
16.78
15.85
15.12
14.49
14.03
13.66
18.53
17.83
17.3
16.9
16.59
16.37
16.97
19.08
20.31
21.5
22.48
22.91
23.49
24.35
25.35
25.58
25.31
24.62
24.0
24.34
23.89
23.18
22.75
22.29
16.09
15.0
14.57
13.99
13.09
12.78
13.54
16.35
17.82
18.72
19.52
20.2
20.27
20.68
21.46
21.17
21.62
22.01
20.86
20.17
19.18
18.2
17.32
16.08
-5.126
35.827000000000005
