-0.000000000000000000e+00
-0.000000000000000000e+00
-0.000000000000000000e+00
-0.000000000000000000e+00
-0.000000000000000000e+00
-0.000000000000000000e+00
-0.000000000000000000e+00
-0.000000000000000000e+00
3.434216223000000401e+00
1.958944189809999514e+01
3.532434969070001074e+01
4.187787325080000755e+01
3.795725823600001547e+01
3.704592650070001980e+01
3.048215182880000995e+01
1.862745670309999824e+01
7.464573569599999736e+00
-0.000000000000000000e+00
-0.000000000000000000e+00
-0.000000000000000000e+00
-0.000000000000000000e+00
-0.000000000000000000e+00
-0.000000000000000000e+00
-0.000000000000000000e+00
-0.000000000000000000e+00
-0.000000000000000000e+00
-0.000000000000000000e+00
-0.000000000000000000e+00
-0.000000000000000000e+00
-0.000000000000000000e+00
-0.000000000000000000e+00
-0.000000000000000000e+00
2.609885986700000160e+00
2.115111369369999395e+01
3.758281488549999949e+01
4.425239903080001369e+01
3.963315702340000257e+01
5.146118521470000928e+01
5.396209978670001561e+01
4.190787741990001081e+01
1.048189096590000169e+01
4.373074292999998836e-01
-0.000000000000000000e+00
-0.000000000000000000e+00
-0.000000000000000000e+00
-0.000000000000000000e+00
-0.000000000000000000e+00
-0.000000000000000000e+00
-0.000000000000000000e+00
-0.000000000000000000e+00
-0.000000000000000000e+00
-0.000000000000000000e+00
-0.000000000000000000e+00
-0.000000000000000000e+00
-0.000000000000000000e+00
-0.000000000000000000e+00
1.011838586200000201e+01
3.160805826440001098e+01
5.664478359430000154e+01
7.568092004289998442e+01
1.019383116237000024e+02
1.804000240092000524e+02
2.818292844673998729e+02
2.648923989230999041e+02
1.816833349570000067e+01
-0.000000000000000000e+00
-0.000000000000000000e+00
-0.000000000000000000e+00
-0.000000000000000000e+00
-0.000000000000000000e+00
-0.000000000000000000e+00
-0.000000000000000000e+00
-0.000000000000000000e+00
-0.000000000000000000e+00
-0.000000000000000000e+00
-0.000000000000000000e+00
-0.000000000000000000e+00
-0.000000000000000000e+00
6.486237758100000583e+00
2.388961125099999450e+01
4.295358386980001342e+01
6.031592601130000020e+01
8.339367642669998304e+01
1.049104042349999730e+02
1.237580544357000036e+02
1.404313881234999997e+02
1.517065778170999693e+02
1.519818954971000551e+02
9.482050615960002915e+01
4.096888663349998438e+01
9.173957630700002142e+00
4.359742501000000159e-01
-0.000000000000000000e+00
-0.000000000000000000e+00
-0.000000000000000000e+00
-0.000000000000000000e+00
-0.000000000000000000e+00
-0.000000000000000000e+00
-0.000000000000000000e+00
-0.000000000000000000e+00
-0.000000000000000000e+00
5.632924339300001471e+00
3.050678676049999893e+01
5.782072175549998150e+01
8.306032648029999166e+01
8.054736377599999742e+01
1.282860817831999611e+02
1.477492152018999718e+02
1.623407613046000222e+02
1.753423583135999309e+02
1.788138377814999842e+02
2.439177102913999988e+02
2.356317172564999396e+02
1.005895309479000446e+02
4.655920664869999825e+01
9.993597862599997939e+00
4.395412459999999966e-01
-0.000000000000000000e+00
-0.000000000000000000e+00
-0.000000000000000000e+00
-0.000000000000000000e+00
-0.000000000000000000e+00
-0.000000000000000000e+00
-0.000000000000000000e+00
-0.000000000000000000e+00
7.209637937800001950e+00
3.139590156209998284e+01
5.344437783749997095e+01
5.970693720240001312e+01
5.968993823019999212e+01
4.992112959009999429e+01
4.472555641790002312e+01
4.167960117549997534e+01
2.515370796784000333e+02
4.242481981735001000e+02
5.383761013379998985e+02
5.359315844856998865e+02
4.273625758458000519e+02
2.152370110143999966e+02
2.730969899520000155e+01
8.959423520999998392e-01
-0.000000000000000000e+00
-0.000000000000000000e+00
-0.000000000000000000e+00
-0.000000000000000000e+00
-0.000000000000000000e+00
-0.000000000000000000e+00
-0.000000000000000000e+00
-0.000000000000000000e+00
-0.000000000000000000e+00
8.216196099600002967e+00
3.732360328770000280e+01
6.507717186080003557e+01
7.784641460970000537e+01
9.056631368080000755e+01
9.334344664900000055e+01
9.738466863200000034e+01
2.778179635013999587e+02
4.241830108867000035e+02
4.808607074824000733e+02
5.630016536979002240e+02
4.467172060028998999e+02
7.735360309809996693e+01
-0.000000000000000000e+00
-0.000000000000000000e+00
-0.000000000000000000e+00
-0.000000000000000000e+00
-0.000000000000000000e+00
-0.000000000000000000e+00
-0.000000000000000000e+00
-0.000000000000000000e+00
-0.000000000000000000e+00
-0.000000000000000000e+00
2.547757913700000376e+00
2.612861716460001205e+01
4.643843196820000685e+01
5.348824194480002348e+01
5.353503747849998717e+01
6.033395488899998327e+01
7.114856085130004715e+01
9.393009711949993346e+01
2.528529248294999547e+02
4.296959952247999581e+02
5.438575146693999613e+02
6.157362260573002004e+02
5.387646120222003674e+02
2.868675086261000047e+02
9.183120503200001394e+00
-0.000000000000000000e+00
-0.000000000000000000e+00
-0.000000000000000000e+00
-0.000000000000000000e+00
-0.000000000000000000e+00
-0.000000000000000000e+00
-0.000000000000000000e+00
-0.000000000000000000e+00
-0.000000000000000000e+00
7.150866307000001143e+00
3.354252092010000297e+01
4.872500990210001959e+01
4.928588518069999225e+01
5.503832375710000235e+01
6.876428615210001283e+01
9.721306378379999558e+01
1.419030358692999414e+02
2.362348832892999440e+02
3.202164544212000123e+02
3.620017818865999857e+02
3.493616792555999950e+02
2.731084781274999500e+02
7.530176195079998536e+01
1.216881349700000392e+01
4.390531178999998452e-01
-0.000000000000000000e+00
-0.000000000000000000e+00
-0.000000000000000000e+00
-0.000000000000000000e+00
-0.000000000000000000e+00
-0.000000000000000000e+00
-0.000000000000000000e+00
-0.000000000000000000e+00
2.556778233399999767e+00
2.648844447169999938e+01
5.024132322699998809e+01
7.052361616059998539e+01
9.302377706609998143e+01
1.138438844023000058e+02
1.328438985976999902e+02
1.338730690649999815e+02
1.725697033899000132e+02
1.683772694355999420e+02
1.600205464384000038e+02
2.777205601636000551e+02
2.505535767476999638e+02
1.690911801771999876e+02
7.874208294800004282e+00
-0.000000000000000000e+00
-0.000000000000000000e+00
-0.000000000000000000e+00
-0.000000000000000000e+00
-0.000000000000000000e+00
6.157362260573002004e+02
