-0.000000000000000000e+00
-0.000000000000000000e+00
-0.000000000000000000e+00
-0.000000000000000000e+00
-0.000000000000000000e+00
-0.000000000000000000e+00
-0.000000000000000000e+00
1.060141440510000344e+01
4.210385377360002224e+01
4.740548919410001361e+01
5.050881451340000439e+01
5.214720598649998351e+01
5.354128264080000577e+01
2.263162388691000046e+02
4.143012728199999515e+02
4.632733378675000608e+02
4.600146404785000414e+02
1.946840895844000272e+02
3.732134877399999606e+00
-0.000000000000000000e+00
-0.000000000000000000e+00
-0.000000000000000000e+00
-0.000000000000000000e+00
-0.000000000000000000e+00
-0.000000000000000000e+00
-0.000000000000000000e+00
-0.000000000000000000e+00
-0.000000000000000000e+00
-0.000000000000000000e+00
-0.000000000000000000e+00
1.166202984859999603e+01
4.144286116460000358e+01
4.571248566729997975e+01
4.370749344569998840e+01
4.130759043309999612e+01
4.941180523300000971e+01
6.080982521839999322e+01
2.811554353003999722e+02
4.935581451987000605e+02
6.170538861641998665e+02
6.858994950207998045e+02
5.479110593430000336e+02
1.738503492876000962e+02
4.355823001000000971e-01
-0.000000000000000000e+00
-0.000000000000000000e+00
-0.000000000000000000e+00
-0.000000000000000000e+00
-0.000000000000000000e+00
-0.000000000000000000e+00
-0.000000000000000000e+00
-0.000000000000000000e+00
-0.000000000000000000e+00
6.241437627699998991e+00
3.513043649789999279e+01
4.352270704279998625e+01
4.746120997300001676e+01
4.881333304149998753e+01
4.884173345879998607e+01
5.560993283659996678e+01
7.316277518670003133e+01
2.760955441437000104e+02
4.996134723430999429e+02
6.272435773816001756e+02
6.928355567097001995e+02
5.567106162573998063e+02
3.052742261500000609e+02
8.882011777300000688e+00
-0.000000000000000000e+00
-0.000000000000000000e+00
-0.000000000000000000e+00
-0.000000000000000000e+00
-0.000000000000000000e+00
-0.000000000000000000e+00
-0.000000000000000000e+00
-0.000000000000000000e+00
4.371358568000000555e-01
1.712903909160000282e+01
4.064578784229999542e+01
4.853080665269997951e+01
5.177255528480002056e+01
7.222943519989999572e+01
9.909279672560002439e+01
1.328281297467999877e+02
1.528620088376999604e+02
2.320255588648999776e+02
2.936964383170999895e+02
3.406490450142999293e+02
2.949203045781999322e+02
1.221784961498000115e+02
4.889688199699998705e+01
9.358268914500001756e+00
4.395927843999999363e-01
-0.000000000000000000e+00
-0.000000000000000000e+00
-0.000000000000000000e+00
-0.000000000000000000e+00
-0.000000000000000000e+00
-0.000000000000000000e+00
-0.000000000000000000e+00
-0.000000000000000000e+00
6.803796224999999254e+00
3.104420878950000073e+01
5.634212704859999832e+01
7.234043102459997954e+01
7.704074346399997353e+01
7.240276533419998373e+01
7.687264175939999689e+01
7.603986782699999480e+01
2.469958949245000213e+02
4.365143119523999644e+02
6.004321389880002471e+02
6.591717484853000997e+02
5.910234406540001828e+02
3.546411077027001397e+02
7.611220443230000399e+01
8.958363620999999499e-01
-0.000000000000000000e+00
-0.000000000000000000e+00
-0.000000000000000000e+00
-0.000000000000000000e+00
-0.000000000000000000e+00
-0.000000000000000000e+00
-0.000000000000000000e+00
-0.000000000000000000e+00
1.719779989500000328e+00
2.388036349419999382e+01
4.512885289169999226e+01
5.046018451629997514e+01
5.700263397800000575e+01
6.494599446490001071e+01
6.883917016759998830e+01
7.179336199520001571e+01
2.537248919664000084e+02
4.561292002476000107e+02
5.794803888722002512e+02
6.429773398006000207e+02
5.359009765563000656e+02
2.519170504779999362e+02
6.617675973300002568e+00
-0.000000000000000000e+00
-0.000000000000000000e+00
-0.000000000000000000e+00
-0.000000000000000000e+00
-0.000000000000000000e+00
-0.000000000000000000e+00
-0.000000000000000000e+00
-0.000000000000000000e+00
-0.000000000000000000e+00
-0.000000000000000000e+00
4.643588796800000473e+00
3.400130623949999631e+01
5.634656491140002288e+01
7.610533879109999589e+01
8.396212930210000991e+01
9.135687056700000142e+01
1.197618119250000035e+02
2.473808380166999541e+02
2.726322952084999542e+02
1.331368503475999603e+02
2.231812247781000735e+02
1.519062044932000219e+02
8.307734464199999280e+00
-0.000000000000000000e+00
-0.000000000000000000e+00
-0.000000000000000000e+00
-0.000000000000000000e+00
-0.000000000000000000e+00
-0.000000000000000000e+00
-0.000000000000000000e+00
-0.000000000000000000e+00
-0.000000000000000000e+00
-0.000000000000000000e+00
-0.000000000000000000e+00
-0.000000000000000000e+00
-0.000000000000000000e+00
4.578184076800000391e+00
3.265660016739999350e+01
3.964039412610002699e+01
6.381548051590001336e+01
3.414105099400000398e+01
3.261973731099999441e+01
2.537920975839999471e+01
1.386825150020000308e+01
2.689156049699999773e+00
-0.000000000000000000e+00
-0.000000000000000000e+00
-0.000000000000000000e+00
-0.000000000000000000e+00
-0.000000000000000000e+00
-0.000000000000000000e+00
-0.000000000000000000e+00
-0.000000000000000000e+00
-0.000000000000000000e+00
-0.000000000000000000e+00
-0.000000000000000000e+00
-0.000000000000000000e+00
-0.000000000000000000e+00
-0.000000000000000000e+00
-0.000000000000000000e+00
1.259322709769999804e+01
3.646558029430001113e+01
3.659742877530000982e+01
4.299893659340001761e+01
5.115501972240001294e+01
1.726763304061999804e+02
3.620849276969001949e+02
4.550710085166998624e+02
2.715055420803000175e+02
4.892366783100000838e+00
-0.000000000000000000e+00
-0.000000000000000000e+00
-0.000000000000000000e+00
-0.000000000000000000e+00
-0.000000000000000000e+00
-0.000000000000000000e+00
-0.000000000000000000e+00
-0.000000000000000000e+00
-0.000000000000000000e+00
-0.000000000000000000e+00
-0.000000000000000000e+00
-0.000000000000000000e+00
-0.000000000000000000e+00
2.156081469300000109e+00
2.266416366360000367e+01
5.223210843969998507e+01
7.572030988779997074e+01
8.933077408489998561e+01
1.214393653831999984e+02
1.661197082666000142e+02
2.139406020837999733e+02
2.224275284126000258e+02
8.668031353670002659e+01
1.910428738379999558e+01
4.348093233999999474e-01
-0.000000000000000000e+00
-0.000000000000000000e+00
-0.000000000000000000e+00
-0.000000000000000000e+00
-0.000000000000000000e+00
-0.000000000000000000e+00
-0.000000000000000000e+00
-0.000000000000000000e+00
-0.000000000000000000e+00
-0.000000000000000000e+00
-0.000000000000000000e+00
1.298848523599999583e+00
1.713109340310000661e+01
4.681782296010001687e+01
7.831267738980000104e+01
9.120281452799997624e+01
9.333378950339998426e+01
8.158187385519998713e+01
8.226610475619996521e+01
7.606501082680000536e+01
6.374723657369999330e+01
5.254264018510002643e+01
2.957602654410000298e+01
4.563725054999999031e+00
-0.000000000000000000e+00
-0.000000000000000000e+00
-0.000000000000000000e+00
-0.000000000000000000e+00
-0.000000000000000000e+00
-0.000000000000000000e+00
-0.000000000000000000e+00
-0.000000000000000000e+00
-0.000000000000000000e+00
-0.000000000000000000e+00
1.300335298499999404e+00
1.766007014890000448e+01
4.646252763879999037e+01
6.213152759309998174e+01
9.756123361180000586e+01
1.196366710614000084e+02
1.399394041929999446e+02
1.560269791900999508e+02
1.691266848002000245e+02
1.723319210946999647e+02
1.614182141221999700e+02
1.292075873631000036e+02
8.277163559790002978e+01
2.552357430949999895e+01
1.822841432000000150e+00
-0.000000000000000000e+00
-0.000000000000000000e+00
-0.000000000000000000e+00
-0.000000000000000000e+00
-0.000000000000000000e+00
-0.000000000000000000e+00
-0.000000000000000000e+00
-0.000000000000000000e+00
-0.000000000000000000e+00
1.222897626779999847e+01
3.957359658300001115e+01
4.787952202940002167e+01
5.140881615560000029e+01
7.226326983810000115e+01
7.855715795579999394e+01
8.668861198900002307e+01
6.604915854799997987e+01
2.895057959790999007e+02
4.702095138742999438e+02
5.715583514648001255e+02
5.718710095540999419e+02
4.504200685474998522e+02
2.143669769654999300e+02
1.566160974910000192e+01
4.395031782999999637e-01
-0.000000000000000000e+00
-0.000000000000000000e+00
-0.000000000000000000e+00
-0.000000000000000000e+00
-0.000000000000000000e+00
-0.000000000000000000e+00
-0.000000000000000000e+00
-0.000000000000000000e+00
1.114442095890000139e+01
3.707687851739999019e+01
4.858072947079997306e+01
5.217711217129998857e+01
5.164565810239999166e+01
5.530032931249997574e+01
5.546985969460000376e+01
5.529925875340001085e+01
2.540074550285999635e+02
4.468541520979000552e+02
5.963222149444000024e+02
6.680402423353000358e+02
6.043103293609999582e+02
3.944385072117001982e+02
1.001051435594999930e+02
1.377273080499999969e+00
-0.000000000000000000e+00
-0.000000000000000000e+00
-0.000000000000000000e+00
-0.000000000000000000e+00
-0.000000000000000000e+00
-0.000000000000000000e+00
-0.000000000000000000e+00
-0.000000000000000000e+00
-0.000000000000000000e+00
-0.000000000000000000e+00
-0.000000000000000000e+00
3.434216223000000401e+00
1.958944189809999514e+01
3.532434969070001074e+01
4.187787325080000755e+01
3.795725823600001547e+01
3.704592650070001980e+01
3.048215182880000995e+01
1.862745670309999824e+01
7.464573569599999736e+00
-0.000000000000000000e+00
-0.000000000000000000e+00
-0.000000000000000000e+00
-0.000000000000000000e+00
-0.000000000000000000e+00
-0.000000000000000000e+00
-0.000000000000000000e+00
-0.000000000000000000e+00
-0.000000000000000000e+00
-0.000000000000000000e+00
-0.000000000000000000e+00
-0.000000000000000000e+00
-0.000000000000000000e+00
-0.000000000000000000e+00
-0.000000000000000000e+00
1.746092721499999278e+00
1.129483911639999860e+01
3.006869554010000201e+01
5.039061114250000628e+01
6.766530877360001739e+01
7.067662173180001162e+01
7.701751847500003123e+01
1.105751273172000140e+02
1.241821305780000273e+01
-0.000000000000000000e+00
-0.000000000000000000e+00
-0.000000000000000000e+00
-0.000000000000000000e+00
-0.000000000000000000e+00
-0.000000000000000000e+00
-0.000000000000000000e+00
-0.000000000000000000e+00
-0.000000000000000000e+00
-0.000000000000000000e+00
-0.000000000000000000e+00
-0.000000000000000000e+00
-0.000000000000000000e+00
-0.000000000000000000e+00
-0.000000000000000000e+00
1.746114061199999457e+00
1.129799800430000012e+01
2.412887893660001026e+01
3.339623683749999827e+01
3.836354103079999334e+01
4.922591188250001437e+01
5.094140365989998998e+01
3.851575240379999343e+01
1.176293665490000429e+01
4.373053132999998871e-01
-0.000000000000000000e+00
-0.000000000000000000e+00
-0.000000000000000000e+00
-0.000000000000000000e+00
-0.000000000000000000e+00
-0.000000000000000000e+00
-0.000000000000000000e+00
-0.000000000000000000e+00
-0.000000000000000000e+00
-0.000000000000000000e+00
-0.000000000000000000e+00
-0.000000000000000000e+00
-0.000000000000000000e+00
-0.000000000000000000e+00
6.193125304900002348e+00
3.766170110110000735e+01
3.983325539399999826e+01
4.054976950310000916e+01
4.735668042270000910e+01
1.613142050669999890e+02
2.596487619927999049e+02
2.350434846651999976e+02
6.132826248929998769e+01
4.372751709999998515e-01
-0.000000000000000000e+00
-0.000000000000000000e+00
-0.000000000000000000e+00
-0.000000000000000000e+00
-0.000000000000000000e+00
-0.000000000000000000e+00
-0.000000000000000000e+00
-0.000000000000000000e+00
-0.000000000000000000e+00
-0.000000000000000000e+00
-0.000000000000000000e+00
-0.000000000000000000e+00
-0.000000000000000000e+00
-0.000000000000000000e+00
1.746955278799999345e+00
1.213740633619999798e+01
2.455439447189998958e+01
3.422927873509999586e+01
3.964062123180000441e+01
3.881349907530000110e+01
3.234549152940000027e+01
2.003894493589999826e+01
5.894951301199998994e+00
-0.000000000000000000e+00
-0.000000000000000000e+00
-0.000000000000000000e+00
-0.000000000000000000e+00
-0.000000000000000000e+00
-0.000000000000000000e+00
-0.000000000000000000e+00
-0.000000000000000000e+00
-0.000000000000000000e+00
-0.000000000000000000e+00
-0.000000000000000000e+00
-0.000000000000000000e+00
-0.000000000000000000e+00
-0.000000000000000000e+00
-0.000000000000000000e+00
2.609885986700000160e+00
2.115111369369999395e+01
3.758281488549999949e+01
4.425239903080001369e+01
3.963315702340000257e+01
5.146118521470000928e+01
5.396209978670001561e+01
4.190787741990001081e+01
1.048189096590000169e+01
4.373074292999998836e-01
-0.000000000000000000e+00
-0.000000000000000000e+00
-0.000000000000000000e+00
-0.000000000000000000e+00
-0.000000000000000000e+00
-0.000000000000000000e+00
-0.000000000000000000e+00
-0.000000000000000000e+00
-0.000000000000000000e+00
-0.000000000000000000e+00
-0.000000000000000000e+00
-0.000000000000000000e+00
-0.000000000000000000e+00
-0.000000000000000000e+00
1.747477854099999561e+00
1.255883012349999994e+01
2.537667455559999397e+01
3.505548595730001438e+01
4.005727819770000053e+01
3.968710117970000084e+01
3.326203609310001497e+01
2.098972243879999766e+01
6.842073400299998553e+00
4.372863061999999745e-01
-0.000000000000000000e+00
-0.000000000000000000e+00
-0.000000000000000000e+00
-0.000000000000000000e+00
-0.000000000000000000e+00
-0.000000000000000000e+00
-0.000000000000000000e+00
-0.000000000000000000e+00
-0.000000000000000000e+00
-0.000000000000000000e+00
-0.000000000000000000e+00
-0.000000000000000000e+00
-0.000000000000000000e+00
-0.000000000000000000e+00
3.063904163799998859e+00
1.431109075439999501e+01
3.309574078530000918e+01
5.189887500769999207e+01
6.686179473149999808e+01
6.743176516259997300e+01
5.432809477099998929e+01
2.727205392670000350e+01
4.286630387599999814e+00
-0.000000000000000000e+00
-0.000000000000000000e+00
-0.000000000000000000e+00
-0.000000000000000000e+00
-0.000000000000000000e+00
-0.000000000000000000e+00
-0.000000000000000000e+00
-0.000000000000000000e+00
-0.000000000000000000e+00
-0.000000000000000000e+00
-0.000000000000000000e+00
-0.000000000000000000e+00
-0.000000000000000000e+00
-0.000000000000000000e+00
4.325869605000000062e-01
1.886417033089999507e+01
3.445384943220000906e+01
3.487426696859998998e+01
3.527804955100000228e+01
4.070871905890000164e+01
2.058636985568999194e+02
3.926456033993998176e+02
4.998993151864000311e+02
4.477032596198998817e+02
8.129761896319998016e+01
-0.000000000000000000e+00
-0.000000000000000000e+00
-0.000000000000000000e+00
-0.000000000000000000e+00
-0.000000000000000000e+00
-0.000000000000000000e+00
-0.000000000000000000e+00
-0.000000000000000000e+00
-0.000000000000000000e+00
-0.000000000000000000e+00
-0.000000000000000000e+00
-0.000000000000000000e+00
-0.000000000000000000e+00
-0.000000000000000000e+00
7.346530587800000234e+00
2.288596366570000740e+01
3.750372816480000182e+01
4.806483247930000857e+01
5.426556324859998170e+01
5.456589776040000572e+01
4.899954037180000199e+01
3.649828861590000884e+01
1.949412644819999585e+01
3.156389665099999853e+00
-0.000000000000000000e+00
-0.000000000000000000e+00
-0.000000000000000000e+00
-0.000000000000000000e+00
-0.000000000000000000e+00
-0.000000000000000000e+00
-0.000000000000000000e+00
-0.000000000000000000e+00
-0.000000000000000000e+00
-0.000000000000000000e+00
-0.000000000000000000e+00
-0.000000000000000000e+00
-0.000000000000000000e+00
4.324355886000000315e-01
7.769448223999996905e+00
2.369187216249999040e+01
4.772023443699998069e+01
7.211742545270001870e+01
9.453381692719999307e+01
1.013304943365000241e+02
1.024317563742000061e+02
8.547421095640000033e+01
1.753239063068999428e+02
4.846236788129999695e+01
-0.000000000000000000e+00
-0.000000000000000000e+00
-0.000000000000000000e+00
-0.000000000000000000e+00
-0.000000000000000000e+00
-0.000000000000000000e+00
-0.000000000000000000e+00
-0.000000000000000000e+00
-0.000000000000000000e+00
-0.000000000000000000e+00
-0.000000000000000000e+00
-0.000000000000000000e+00
-0.000000000000000000e+00
4.324159022999999880e-01
8.193660662099997438e+00
2.409396924969999887e+01
3.869302598380001257e+01
4.965918743570001226e+01
5.592770332610002271e+01
8.866474093529998868e+01
1.616119396185999335e+02
2.064010383914999807e+02
1.290678157640000165e+02
8.474912868899998841e+00
-0.000000000000000000e+00
-0.000000000000000000e+00
-0.000000000000000000e+00
-0.000000000000000000e+00
-0.000000000000000000e+00
-0.000000000000000000e+00
-0.000000000000000000e+00
-0.000000000000000000e+00
-0.000000000000000000e+00
-0.000000000000000000e+00
-0.000000000000000000e+00
-0.000000000000000000e+00
-0.000000000000000000e+00
4.324074476999998917e-01
8.617536453899999671e+00
2.451235824729999280e+01
3.910095164409999313e+01
5.006785915289999167e+01
5.633900742889999691e+01
7.410263788649999128e+01
8.565093115380001620e+01
8.334271295720003536e+01
1.310846955689999618e+02
1.296409865369999892e+01
-0.000000000000000000e+00
-0.000000000000000000e+00
-0.000000000000000000e+00
-0.000000000000000000e+00
-0.000000000000000000e+00
-0.000000000000000000e+00
-0.000000000000000000e+00
-0.000000000000000000e+00
-0.000000000000000000e+00
-0.000000000000000000e+00
-0.000000000000000000e+00
-0.000000000000000000e+00
-0.000000000000000000e+00
4.323111809999998223e-01
9.039607709399996693e+00
2.491853313499999700e+01
3.989198268969999361e+01
5.087091269020000084e+01
5.675307896799998986e+01
5.761472029579999088e+01
5.174045098599999903e+01
3.941944026510000754e+01
2.196104753659999886e+01
4.070718005200000711e+00
-0.000000000000000000e+00
-0.000000000000000000e+00
-0.000000000000000000e+00
-0.000000000000000000e+00
-0.000000000000000000e+00
-0.000000000000000000e+00
-0.000000000000000000e+00
-0.000000000000000000e+00
-0.000000000000000000e+00
-0.000000000000000000e+00
-0.000000000000000000e+00
-0.000000000000000000e+00
-0.000000000000000000e+00
-0.000000000000000000e+00
9.390317113800000115e+00
3.664686830930001094e+01
5.262229124820001402e+01
7.265402095700000018e+01
7.569281031600000631e+01
9.319975867179998374e+01
1.469559181067999418e+02
1.501360435169000027e+02
2.566524736039999510e+01
1.880587977999999882e+00
-0.000000000000000000e+00
-0.000000000000000000e+00
-0.000000000000000000e+00
-0.000000000000000000e+00
-0.000000000000000000e+00
-0.000000000000000000e+00
-0.000000000000000000e+00
-0.000000000000000000e+00
-0.000000000000000000e+00
-0.000000000000000000e+00
-0.000000000000000000e+00
-0.000000000000000000e+00
-0.000000000000000000e+00
-0.000000000000000000e+00
4.326566829999999975e+00
2.577543741600000615e+01
5.059627755470000210e+01
6.658126754739997466e+01
8.571969258540001135e+01
1.192473243722999996e+02
1.532309439379000366e+02
1.510783872206999661e+02
9.667723124120000477e+01
3.658443192400000488e+00
-0.000000000000000000e+00
-0.000000000000000000e+00
-0.000000000000000000e+00
-0.000000000000000000e+00
-0.000000000000000000e+00
-0.000000000000000000e+00
-0.000000000000000000e+00
-0.000000000000000000e+00
-0.000000000000000000e+00
-0.000000000000000000e+00
-0.000000000000000000e+00
-0.000000000000000000e+00
-0.000000000000000000e+00
-0.000000000000000000e+00
4.331402091900000251e+00
2.652509949409999734e+01
4.866390069010000730e+01
6.609161956860000942e+01
7.762235283110000239e+01
8.339252008479998324e+01
7.695735212630003730e+01
5.411962140010000866e+01
2.134441704920000760e+01
1.869836261999999749e+00
-0.000000000000000000e+00
-0.000000000000000000e+00
-0.000000000000000000e+00
-0.000000000000000000e+00
-0.000000000000000000e+00
-0.000000000000000000e+00
-0.000000000000000000e+00
-0.000000000000000000e+00
-0.000000000000000000e+00
-0.000000000000000000e+00
-0.000000000000000000e+00
-0.000000000000000000e+00
-0.000000000000000000e+00
-0.000000000000000000e+00
3.801713736599999560e+00
2.297918084639999847e+01
4.603238448939998761e+01
6.073598181999999213e+01
7.910463101669998309e+01
1.662502581123001164e+02
2.386067757006999841e+02
2.372404060344998982e+02
1.243753648290000235e+01
-0.000000000000000000e+00
-0.000000000000000000e+00
-0.000000000000000000e+00
-0.000000000000000000e+00
-0.000000000000000000e+00
-0.000000000000000000e+00
-0.000000000000000000e+00
-0.000000000000000000e+00
-0.000000000000000000e+00
-0.000000000000000000e+00
-0.000000000000000000e+00
-0.000000000000000000e+00
-0.000000000000000000e+00
-0.000000000000000000e+00
-0.000000000000000000e+00
3.914387841199999940e+00
1.753975963339999922e+01
3.145447913550000507e+01
4.197902205979998058e+01
4.763437203060000513e+01
4.811004767419998984e+01
4.170852623730000630e+01
2.985701288060000280e+01
1.313781645660000130e+01
1.350888132099999916e+00
-0.000000000000000000e+00
-0.000000000000000000e+00
-0.000000000000000000e+00
-0.000000000000000000e+00
-0.000000000000000000e+00
-0.000000000000000000e+00
-0.000000000000000000e+00
-0.000000000000000000e+00
-0.000000000000000000e+00
-0.000000000000000000e+00
-0.000000000000000000e+00
-0.000000000000000000e+00
-0.000000000000000000e+00
4.954856668299999711e+00
2.763425819380000448e+01
4.896636993589999065e+01
5.216600999699998908e+01
5.015137296889999163e+01
5.336801775850000240e+01
1.966401089533000288e+02
3.196483930579999537e+02
2.917207379025999785e+02
2.329272734158999469e+02
7.496685699820000082e+01
8.894547519000000069e-01
-0.000000000000000000e+00
-0.000000000000000000e+00
-0.000000000000000000e+00
-0.000000000000000000e+00
-0.000000000000000000e+00
-0.000000000000000000e+00
-0.000000000000000000e+00
-0.000000000000000000e+00
-0.000000000000000000e+00
-0.000000000000000000e+00
-0.000000000000000000e+00
5.315574964499999666e+00
3.425841390289999566e+01
4.592806294019999314e+01
5.133001183069998774e+01
5.758131019029998754e+01
7.402801625710000621e+01
1.052809514443000012e+02
2.410197592714000336e+02
3.656406922819999181e+02
4.091272258475999024e+02
5.432724296441001570e+02
4.773025331638001489e+02
7.083165018249998468e+01
-0.000000000000000000e+00
-0.000000000000000000e+00
-0.000000000000000000e+00
-0.000000000000000000e+00
-0.000000000000000000e+00
-0.000000000000000000e+00
-0.000000000000000000e+00
-0.000000000000000000e+00
-0.000000000000000000e+00
-0.000000000000000000e+00
3.336823940099999941e+00
2.859953289070000793e+01
4.672601236299998106e+01
7.097738824089999810e+01
7.768523838619999822e+01
1.014219868280000014e+02
1.191781951309000078e+02
1.522622314136999648e+02
2.634705469857000821e+02
3.710776648323001723e+02
4.300625055139001347e+02
3.503216183200999012e+02
2.084869404929000893e+02
2.605588592419998761e+01
3.383708916000000677e+00
-0.000000000000000000e+00
-0.000000000000000000e+00
-0.000000000000000000e+00
-0.000000000000000000e+00
-0.000000000000000000e+00
-0.000000000000000000e+00
-0.000000000000000000e+00
-0.000000000000000000e+00
-0.000000000000000000e+00
1.077343779629999965e+01
3.499006192410001148e+01
4.955685377940002212e+01
6.829181534760000716e+01
8.486781128340001601e+01
8.519716741000003424e+01
9.622781387119998442e+01
1.067434656264000239e+02
2.784543509135000363e+02
3.674057011737000948e+02
3.381645824036000363e+02
1.726104675621000126e+02
7.696179277529999752e+01
2.110848706300000543e+01
4.461964118899999221e+00
-0.000000000000000000e+00
-0.000000000000000000e+00
-0.000000000000000000e+00
-0.000000000000000000e+00
-0.000000000000000000e+00
-0.000000000000000000e+00
-0.000000000000000000e+00
-0.000000000000000000e+00
-0.000000000000000000e+00
9.630436116599998542e+00
3.755146914890001852e+01
5.825344960249997683e+01
7.920207939260001240e+01
8.477347193409998738e+01
8.391259102680002968e+01
9.243077782799998943e+01
9.803616636729999811e+01
2.530740137741000240e+02
4.225241877940999302e+02
5.406200624860000516e+02
4.606619527210999081e+02
2.350353347060000146e+02
2.291434144950000373e+01
5.812100520200002229e+00
4.393839743999999325e-01
-0.000000000000000000e+00
-0.000000000000000000e+00
-0.000000000000000000e+00
-0.000000000000000000e+00
-0.000000000000000000e+00
-0.000000000000000000e+00
-0.000000000000000000e+00
-0.000000000000000000e+00
3.387031164600000643e+00
2.756705916330000505e+01
4.909349880199999916e+01
5.751939798490001721e+01
7.423020068259999960e+01
7.431943004219999693e+01
8.896418767750003553e+01
9.900126266160002331e+01
2.521703332983000223e+02
4.247925755217999040e+02
5.685866459646998692e+02
6.289749122200003058e+02
5.558664450111000406e+02
3.067087073201999488e+02
1.201632179540000323e+01
-0.000000000000000000e+00
-0.000000000000000000e+00
-0.000000000000000000e+00
-0.000000000000000000e+00
-0.000000000000000000e+00
-0.000000000000000000e+00
-0.000000000000000000e+00
-0.000000000000000000e+00
-0.000000000000000000e+00
-0.000000000000000000e+00
5.567415966300000463e+00
3.130475274949999331e+01
5.863426118409999077e+01
8.406998349669999016e+01
8.410177415180005767e+01
1.025248527058000292e+02
1.406594149321999225e+02
1.526330444038000280e+02
1.556773476465000101e+02
1.417062377773999913e+02
1.329804526100000146e+02
8.073361520449999773e+01
1.643195866630000168e+01
-0.000000000000000000e+00
-0.000000000000000000e+00
-0.000000000000000000e+00
-0.000000000000000000e+00
-0.000000000000000000e+00
-0.000000000000000000e+00
-0.000000000000000000e+00
-0.000000000000000000e+00
-0.000000000000000000e+00
-0.000000000000000000e+00
-0.000000000000000000e+00
1.293866273200000139e+00
2.350321166319999833e+01
4.378480137910000991e+01
5.615522397560000911e+01
7.860368200910002656e+01
9.237172748339996531e+01
1.280893737334000377e+02
2.500856196548000412e+02
3.680458491801001060e+02
4.269903377133999811e+02
3.930133718033998775e+02
1.013541420779000362e+02
4.347683453000000253e-01
-0.000000000000000000e+00
-0.000000000000000000e+00
-0.000000000000000000e+00
-0.000000000000000000e+00
-0.000000000000000000e+00
-0.000000000000000000e+00
-0.000000000000000000e+00
-0.000000000000000000e+00
-0.000000000000000000e+00
-0.000000000000000000e+00
-0.000000000000000000e+00
-0.000000000000000000e+00
3.375887416300000776e+00
2.848593892479999568e+01
5.150198164769998499e+01
6.233751839100001746e+01
6.352687569090000608e+01
9.315204758010001740e+01
2.647472084901999096e+02
3.612201176410000585e+02
3.295581781143000057e+02
1.782619548730001213e+02
8.907846204000001711e-01
-0.000000000000000000e+00
-0.000000000000000000e+00
-0.000000000000000000e+00
-0.000000000000000000e+00
-0.000000000000000000e+00
-0.000000000000000000e+00
-0.000000000000000000e+00
-0.000000000000000000e+00
-0.000000000000000000e+00
-0.000000000000000000e+00
-0.000000000000000000e+00
-0.000000000000000000e+00
-0.000000000000000000e+00
-0.000000000000000000e+00
4.347432326900001698e+00
2.480488003329999103e+01
5.081793265749999478e+01
6.292077053739999570e+01
8.026422923469998238e+01
1.590393247436999786e+02
1.359145322769998927e+02
2.731054126330000287e+01
4.295199058399998826e+00
-0.000000000000000000e+00
-0.000000000000000000e+00
-0.000000000000000000e+00
-0.000000000000000000e+00
-0.000000000000000000e+00
-0.000000000000000000e+00
-0.000000000000000000e+00
-0.000000000000000000e+00
-0.000000000000000000e+00
-0.000000000000000000e+00
-0.000000000000000000e+00
-0.000000000000000000e+00
-0.000000000000000000e+00
-0.000000000000000000e+00
1.210194121530000011e+01
3.887298914070000677e+01
4.713011346340001495e+01
4.998521000470001496e+01
5.162048769849999275e+01
5.342532623849999140e+01
2.262385177014000419e+02
4.381984140358000559e+02
5.394764530687001525e+02
4.635944964377000019e+02
1.586018578387999867e+02
2.447717426499999682e+00
-0.000000000000000000e+00
-0.000000000000000000e+00
-0.000000000000000000e+00
-0.000000000000000000e+00
-0.000000000000000000e+00
-0.000000000000000000e+00
-0.000000000000000000e+00
-0.000000000000000000e+00
-0.000000000000000000e+00
-0.000000000000000000e+00
-0.000000000000000000e+00
-0.000000000000000000e+00
4.759657609500000497e+00
2.841253113710000733e+01
5.855611466729999393e+01
8.224017210480000983e+01
8.823248707860001616e+01
1.100038396058999552e+02
1.441646266037000146e+02
1.742231207189999793e+02
1.107058210913999545e+02
6.805975202329999263e+01
2.300438396330000046e+01
1.868534533300000078e+00
-0.000000000000000000e+00
-0.000000000000000000e+00
-0.000000000000000000e+00
-0.000000000000000000e+00
-0.000000000000000000e+00
-0.000000000000000000e+00
-0.000000000000000000e+00
-0.000000000000000000e+00
-0.000000000000000000e+00
-0.000000000000000000e+00
-0.000000000000000000e+00
-0.000000000000000000e+00
3.908275923999998458e+00
1.956662416499999679e+01
3.751661183939999233e+01
5.274300542019998517e+01
6.414897762969998496e+01
7.025961344739999959e+01
7.066012739119999253e+01
6.493726949290001471e+01
5.182160982730001564e+01
3.229309450539999204e+01
1.199826627610000429e+01
8.821112327000000253e-01
-0.000000000000000000e+00
-0.000000000000000000e+00
-0.000000000000000000e+00
-0.000000000000000000e+00
-0.000000000000000000e+00
-0.000000000000000000e+00
-0.000000000000000000e+00
-0.000000000000000000e+00
-0.000000000000000000e+00
-0.000000000000000000e+00
-0.000000000000000000e+00
-0.000000000000000000e+00
4.340646293499998976e+00
2.037679780499999893e+01
3.793402415930000160e+01
5.351261849029997819e+01
6.456515190639998991e+01
7.107970257250001112e+01
7.151789698120001049e+01
6.535543560069997682e+01
5.226200203709999670e+01
3.330872429729998885e+01
1.247957243320000131e+01
8.792176961999997875e-01
-0.000000000000000000e+00
-0.000000000000000000e+00
-0.000000000000000000e+00
-0.000000000000000000e+00
-0.000000000000000000e+00
-0.000000000000000000e+00
-0.000000000000000000e+00
-0.000000000000000000e+00
-0.000000000000000000e+00
-0.000000000000000000e+00
-0.000000000000000000e+00
-0.000000000000000000e+00
4.772802196000000663e+00
2.080286986609999289e+01
3.871882223350000629e+01
5.392976343649999649e+01
6.534641783879999366e+01
7.148069106260000183e+01
7.193129228710002110e+01
6.578812505960001999e+01
5.270951561429998833e+01
3.379722036930000684e+01
1.296253057310000223e+01
1.338629305600000041e+00
-0.000000000000000000e+00
-0.000000000000000000e+00
-0.000000000000000000e+00
-0.000000000000000000e+00
-0.000000000000000000e+00
-0.000000000000000000e+00
-0.000000000000000000e+00
-0.000000000000000000e+00
-0.000000000000000000e+00
-0.000000000000000000e+00
-0.000000000000000000e+00
-0.000000000000000000e+00
9.327073536200000348e+00
3.606640584489999668e+01
6.328494226219999774e+01
8.605702420430000643e+01
9.072219838239998069e+01
1.128617657103000198e+02
1.476873494770000832e+02
1.793780234778999727e+02
1.162408526575000423e+02
7.358132494359999498e+01
2.698981397149999495e+01
2.309504256400000788e+00
-0.000000000000000000e+00
-0.000000000000000000e+00
-0.000000000000000000e+00
-0.000000000000000000e+00
-0.000000000000000000e+00
-0.000000000000000000e+00
-0.000000000000000000e+00
-0.000000000000000000e+00
-0.000000000000000000e+00
-0.000000000000000000e+00
-0.000000000000000000e+00
-0.000000000000000000e+00
6.055096273799999373e+00
2.238014820370000635e+01
3.876115142500000843e+01
5.219469817429998670e+01
6.107104747639998266e+01
6.526852468799999940e+01
6.295801233440000289e+01
5.493177606290002046e+01
4.007445074269999452e+01
2.041243180639999011e+01
3.126374108400000740e+00
-0.000000000000000000e+00
-0.000000000000000000e+00
-0.000000000000000000e+00
-0.000000000000000000e+00
-0.000000000000000000e+00
-0.000000000000000000e+00
-0.000000000000000000e+00
-0.000000000000000000e+00
-0.000000000000000000e+00
-0.000000000000000000e+00
-0.000000000000000000e+00
-0.000000000000000000e+00
-0.000000000000000000e+00
8.696632396000000265e-01
9.515771976399999943e+00
2.388805514620000281e+01
3.625652257189999972e+01
4.412552787059999559e+01
4.739314968109997750e+01
4.423072403130002073e+01
3.561548067159999675e+01
2.078675592969999641e+01
4.999645899999997312e+00
-0.000000000000000000e+00
-0.000000000000000000e+00
-0.000000000000000000e+00
-0.000000000000000000e+00
-0.000000000000000000e+00
-0.000000000000000000e+00
-0.000000000000000000e+00
-0.000000000000000000e+00
-0.000000000000000000e+00
-0.000000000000000000e+00
-0.000000000000000000e+00
-0.000000000000000000e+00
-0.000000000000000000e+00
-0.000000000000000000e+00
-0.000000000000000000e+00
2.189775736299999664e+00
1.301738037720000385e+01
2.423642715420000471e+01
3.273567749130000237e+01
3.604727166020000340e+01
4.400513584779999832e+01
4.246448699649998559e+01
2.619368175480000716e+01
3.786111951800000153e+00
-0.000000000000000000e+00
-0.000000000000000000e+00
-0.000000000000000000e+00
-0.000000000000000000e+00
-0.000000000000000000e+00
-0.000000000000000000e+00
-0.000000000000000000e+00
-0.000000000000000000e+00
-0.000000000000000000e+00
-0.000000000000000000e+00
-0.000000000000000000e+00
-0.000000000000000000e+00
-0.000000000000000000e+00
3.423771953300000614e+00
2.546395645369999627e+01
5.313714131789998874e+01
7.774824818349999589e+01
8.797211989560004497e+01
8.990499012150003466e+01
7.903425103529995965e+01
7.876121333440001138e+01
7.229942034100000114e+01
5.915995233599999636e+01
6.950227821110000548e+01
4.407353715189999832e+01
5.925591135300000367e+00
-0.000000000000000000e+00
-0.000000000000000000e+00
-0.000000000000000000e+00
-0.000000000000000000e+00
-0.000000000000000000e+00
-0.000000000000000000e+00
-0.000000000000000000e+00
-0.000000000000000000e+00
-0.000000000000000000e+00
-0.000000000000000000e+00
-0.000000000000000000e+00
4.217830159800000089e+00
3.104171677710001376e+01
5.677768829439999365e+01
8.657001926280001669e+01
1.052073443108999840e+02
1.222718749646000020e+02
1.320181747051000514e+02
2.238713474660999054e+02
3.788772658795000439e+02
5.430765001990998826e+02
4.770990092159999563e+02
2.256576967117001118e+02
7.336646118899994740e+00
-0.000000000000000000e+00
-0.000000000000000000e+00
-0.000000000000000000e+00
-0.000000000000000000e+00
-0.000000000000000000e+00
-0.000000000000000000e+00
-0.000000000000000000e+00
-0.000000000000000000e+00
-0.000000000000000000e+00
-0.000000000000000000e+00
-0.000000000000000000e+00
2.998170694299999273e+00
2.434902671869999935e+01
5.269068801080001663e+01
7.731361782129999938e+01
8.125013526649999562e+01
9.956482902519998390e+01
1.251739243327000111e+02
1.645370424607000359e+02
1.961412760192000349e+02
1.292538031039999851e+02
8.636693211570000983e+01
3.409635182869999426e+01
3.794816293699999843e+00
-0.000000000000000000e+00
-0.000000000000000000e+00
-0.000000000000000000e+00
-0.000000000000000000e+00
-0.000000000000000000e+00
-0.000000000000000000e+00
-0.000000000000000000e+00
-0.000000000000000000e+00
-0.000000000000000000e+00
-0.000000000000000000e+00
-0.000000000000000000e+00
4.942575825700001424e+00
3.322358390939999850e+01
4.842248991319997486e+01
5.050200993210000888e+01
7.027284984650000865e+01
1.046405688447000273e+02
1.411597009689000117e+02
1.953705746512000303e+02
1.658772792948000188e+02
1.225132458909000377e+02
1.049173523032999924e+02
4.872282241450001550e+01
4.433266108900000724e+00
-0.000000000000000000e+00
-0.000000000000000000e+00
-0.000000000000000000e+00
-0.000000000000000000e+00
-0.000000000000000000e+00
-0.000000000000000000e+00
-0.000000000000000000e+00
-0.000000000000000000e+00
-0.000000000000000000e+00
-0.000000000000000000e+00
-0.000000000000000000e+00
4.312981229000000805e-01
1.347305604960000025e+01
4.781958056589999018e+01
7.141945743649996814e+01
8.982016233430002217e+01
1.254423345252000246e+02
1.291386668798000130e+02
2.004185810311999774e+02
3.175309509876998959e+02
4.364385190828000418e+02
3.409996848290001594e+02
1.486069324368000082e+02
5.272544526599999060e+00
-0.000000000000000000e+00
-0.000000000000000000e+00
-0.000000000000000000e+00
-0.000000000000000000e+00
-0.000000000000000000e+00
-0.000000000000000000e+00
-0.000000000000000000e+00
-0.000000000000000000e+00
-0.000000000000000000e+00
-0.000000000000000000e+00
-0.000000000000000000e+00
2.121460730000000794e+00
2.380560206800000600e+01
4.893649940659998521e+01
7.204194945030002373e+01
8.639499659200001247e+01
8.896573827699998560e+01
7.795514260900000636e+01
7.820825215369998773e+01
7.199090688050003450e+01
5.881383583019999861e+01
3.912246129490001323e+01
1.729953249390000281e+01
2.210603466600000289e+00
-0.000000000000000000e+00
-0.000000000000000000e+00
-0.000000000000000000e+00
-0.000000000000000000e+00
-0.000000000000000000e+00
-0.000000000000000000e+00
-0.000000000000000000e+00
-0.000000000000000000e+00
-0.000000000000000000e+00
-0.000000000000000000e+00
-0.000000000000000000e+00
1.293895833199999679e+00
1.695110396309999601e+01
4.574936105599999792e+01
7.195134079889999157e+01
8.615628392229996280e+01
1.217451881015000197e+02
1.416040452074999791e+02
2.151032971752999288e+02
2.326667080649001207e+02
1.301528938651999852e+02
1.244972858267999953e+02
1.383125494538999760e+02
7.483582417800003661e+00
-0.000000000000000000e+00
-0.000000000000000000e+00
-0.000000000000000000e+00
-0.000000000000000000e+00
-0.000000000000000000e+00
-0.000000000000000000e+00
-0.000000000000000000e+00
-0.000000000000000000e+00
-0.000000000000000000e+00
-0.000000000000000000e+00
-0.000000000000000000e+00
1.295323990800000047e+00
1.988905003160000007e+01
5.064603400580001136e+01
7.337056433429998492e+01
1.018661928874999774e+02
1.112541460216000075e+02
1.278207789070999638e+02
2.526638428561999774e+02
4.384996051842001066e+02
5.771998766740000519e+02
5.179658227810999733e+02
3.192262798163999378e+02
1.063699049819999587e+01
-0.000000000000000000e+00
-0.000000000000000000e+00
-0.000000000000000000e+00
-0.000000000000000000e+00
-0.000000000000000000e+00
-0.000000000000000000e+00
-0.000000000000000000e+00
-0.000000000000000000e+00
-0.000000000000000000e+00
-0.000000000000000000e+00
-0.000000000000000000e+00
3.325775244600001290e+00
2.883939429459998394e+01
5.340327847729998467e+01
7.070933389620000753e+01
9.466186179110002286e+01
1.198776688915999955e+02
1.347646925017999990e+02
1.442223562411000159e+02
1.460784659841999940e+02
1.286051159457000210e+02
9.545063829949999956e+01
3.857288901100002221e+01
4.605373081199999774e+00
-0.000000000000000000e+00
-0.000000000000000000e+00
-0.000000000000000000e+00
-0.000000000000000000e+00
-0.000000000000000000e+00
-0.000000000000000000e+00
-0.000000000000000000e+00
-0.000000000000000000e+00
-0.000000000000000000e+00
-0.000000000000000000e+00
-0.000000000000000000e+00
2.558081357700001224e+00
2.176379272099999440e+01
4.304479672710000671e+01
4.773226115320000673e+01
6.942814633780000122e+01
8.924181215469998563e+01
1.068174274405999995e+02
1.162212086458999494e+02
1.194258671921999877e+02
1.093763759516999841e+02
8.053449004449996096e+01
3.696081398569999266e+01
4.583417978700000006e+00
-0.000000000000000000e+00
-0.000000000000000000e+00
-0.000000000000000000e+00
-0.000000000000000000e+00
-0.000000000000000000e+00
-0.000000000000000000e+00
-0.000000000000000000e+00
-0.000000000000000000e+00
-0.000000000000000000e+00
-0.000000000000000000e+00
-0.000000000000000000e+00
-0.000000000000000000e+00
-0.000000000000000000e+00
1.743899392500000367e+00
1.724687727350000443e+01
3.743412681739999925e+01
5.197105394589999605e+01
6.195683123679999227e+01
6.352331944209999648e+01
5.280752362829999669e+01
2.872652818950000864e+01
5.628104170700001241e+00
-0.000000000000000000e+00
-0.000000000000000000e+00
-0.000000000000000000e+00
-0.000000000000000000e+00
-0.000000000000000000e+00
-0.000000000000000000e+00
-0.000000000000000000e+00
-0.000000000000000000e+00
-0.000000000000000000e+00
-0.000000000000000000e+00
-0.000000000000000000e+00
-0.000000000000000000e+00
4.330167577999999851e-01
1.253972633369999734e+01
4.370314629109999061e+01
6.482032263599998601e+01
8.609035641970000086e+01
9.677698820600004126e+01
1.155112761080000041e+02
1.491940175880000083e+02
1.626395926870999915e+02
2.157427305885000237e+02
2.304936716881999530e+02
1.258564207760000215e+02
6.824574853520000772e+01
1.930088618870000516e+01
8.919573168000002328e-01
-0.000000000000000000e+00
-0.000000000000000000e+00
-0.000000000000000000e+00
-0.000000000000000000e+00
-0.000000000000000000e+00
-0.000000000000000000e+00
-0.000000000000000000e+00
-0.000000000000000000e+00
-0.000000000000000000e+00
4.330341195999999893e-01
7.346897236900001182e+00
3.126090920000001105e+01
6.171677764480000405e+01
9.306627486820001138e+01
1.109165040634000263e+02
1.222623659847999704e+02
1.245644726083999956e+02
1.170623061565999876e+02
9.890931445059999305e+01
7.304727947160000667e+01
7.409135983209999665e+01
5.467930705319999873e+01
1.983374902879999979e+01
1.375403774200000262e+00
-0.000000000000000000e+00
-0.000000000000000000e+00
-0.000000000000000000e+00
-0.000000000000000000e+00
-0.000000000000000000e+00
-0.000000000000000000e+00
-0.000000000000000000e+00
-0.000000000000000000e+00
-0.000000000000000000e+00
4.331316341999999486e-01
7.774410429999999650e+00
2.552901815980000322e+01
4.416711805449999417e+01
6.153675057029999351e+01
9.236253407670004378e+01
1.220682401331999642e+02
1.505790241959999491e+02
1.417892107458000055e+02
1.132073081010999829e+02
7.350025494279999805e+01
7.456589651200002322e+01
5.590522541899998998e+01
2.100819623139999948e+01
1.375487749600000198e+00
-0.000000000000000000e+00
-0.000000000000000000e+00
-0.000000000000000000e+00
-0.000000000000000000e+00
-0.000000000000000000e+00
-0.000000000000000000e+00
-0.000000000000000000e+00
-0.000000000000000000e+00
-0.000000000000000000e+00
4.331574148999999818e-01
8.199149280800000383e+00
3.239098463789999016e+01
6.301938378930001505e+01
9.446386547070001427e+01
1.062897380130000329e+02
1.061868401439000422e+02
9.160029300819998355e+01
9.200849691310001788e+01
8.663597734879998313e+01
7.395054330660002506e+01
5.520573121059996424e+01
3.212116898059998960e+01
1.058116845230000180e+01
8.921706198000001198e-01
-0.000000000000000000e+00
-0.000000000000000000e+00
-0.000000000000000000e+00
-0.000000000000000000e+00
-0.000000000000000000e+00
-0.000000000000000000e+00
-0.000000000000000000e+00
-0.000000000000000000e+00
-0.000000000000000000e+00
4.331510372999999858e-01
8.624308528300000276e+00
2.633960152990000481e+01
4.530610444750000454e+01
6.231457537520000756e+01
7.641078330279998454e+01
8.625652279279999846e+01
9.158092687190000447e+01
1.174360182115000129e+02
1.406154070504999822e+02
1.553216463223000687e+02
1.604510034343000200e+02
2.179029858940999702e+02
4.757826711259996699e+01
3.017094576600000799e+00
-0.000000000000000000e+00
-0.000000000000000000e+00
-0.000000000000000000e+00
-0.000000000000000000e+00
-0.000000000000000000e+00
-0.000000000000000000e+00
-0.000000000000000000e+00
-0.000000000000000000e+00
-0.000000000000000000e+00
4.331550403000000160e-01
9.047561913900002750e+00
3.353364307010000545e+01
6.457115288060001035e+01
9.520513972680001302e+01
9.120572539190001748e+01
8.350429023049997568e+01
1.049707806379000061e+02
2.891492121544000611e+02
4.942184260013000880e+02
6.194056439840998110e+02
6.793873307938999915e+02
5.486628216597998744e+02
2.159022424765001062e+02
4.256287818700001502e+00
-0.000000000000000000e+00
-0.000000000000000000e+00
-0.000000000000000000e+00
-0.000000000000000000e+00
-0.000000000000000000e+00
-0.000000000000000000e+00
-0.000000000000000000e+00
-0.000000000000000000e+00
-0.000000000000000000e+00
2.526396735099999624e+00
2.618196364960000011e+01
4.948211119260000856e+01
7.825135218840000562e+01
8.352825878669995063e+01
1.065767439465000024e+02
1.202781244845000401e+02
1.531304128400000195e+02
1.437030740455999762e+02
1.147928365595999765e+02
7.478248004210001909e+01
7.710662450040001659e+01
5.864340563800000439e+01
2.378348516649999311e+01
1.846409975499999412e+00
-0.000000000000000000e+00
-0.000000000000000000e+00
-0.000000000000000000e+00
-0.000000000000000000e+00
-0.000000000000000000e+00
-0.000000000000000000e+00
-0.000000000000000000e+00
-0.000000000000000000e+00
-0.000000000000000000e+00
9.974333100100000848e+00
3.671356641230001117e+01
4.836561724119999894e+01
5.195646562489999098e+01
5.138684932789998783e+01
5.500757255989999805e+01
5.483186943789998935e+01
5.330898315849998426e+01
2.518636301914999933e+02
4.430070890666000309e+02
6.043823225099997671e+02
6.717048440997999705e+02
6.128526587264002501e+02
3.728548453990998155e+02
8.502922464410001169e+01
1.377301064000000075e+00
-0.000000000000000000e+00
-0.000000000000000000e+00
-0.000000000000000000e+00
-0.000000000000000000e+00
-0.000000000000000000e+00
-0.000000000000000000e+00
-0.000000000000000000e+00
-0.000000000000000000e+00
2.556778233399999767e+00
2.648844447169999938e+01
5.024132322699998809e+01
7.052361616059998539e+01
9.302377706609998143e+01
1.138438844023000058e+02
1.328438985976999902e+02
1.338730690649999815e+02
1.725697033899000132e+02
1.683772694355999420e+02
1.600205464384000038e+02
2.777205601636000551e+02
2.505535767476999638e+02
1.690911801771999876e+02
7.874208294800004282e+00
-0.000000000000000000e+00
-0.000000000000000000e+00
-0.000000000000000000e+00
-0.000000000000000000e+00
-0.000000000000000000e+00
-0.000000000000000000e+00
-0.000000000000000000e+00
-0.000000000000000000e+00
-0.000000000000000000e+00
-0.000000000000000000e+00
2.602599350900000719e+00
1.776907743879999657e+01
3.629631244610000351e+01
5.343954054250002628e+01
6.826588776290000737e+01
8.900720969539997895e+01
7.556611057309999069e+01
2.872646894426998188e+02
4.920079824746998725e+02
6.143956132719000607e+02
6.523004358148000392e+02
4.737542409828998871e+02
9.140156761909994998e+01
-0.000000000000000000e+00
-0.000000000000000000e+00
-0.000000000000000000e+00
-0.000000000000000000e+00
-0.000000000000000000e+00
-0.000000000000000000e+00
-0.000000000000000000e+00
-0.000000000000000000e+00
-0.000000000000000000e+00
-0.000000000000000000e+00
-0.000000000000000000e+00
4.313355228999999902e-01
7.334587394299999730e+00
2.438223326799999668e+01
4.071910709759997360e+01
6.740652334640000731e+01
9.249093149269998548e+01
1.162089445895999944e+02
1.518563265042999433e+02
1.211028001144999564e+02
9.776363425359997450e+01
4.948363752719999553e+01
9.242498241600001663e+00
-0.000000000000000000e+00
-0.000000000000000000e+00
-0.000000000000000000e+00
-0.000000000000000000e+00
-0.000000000000000000e+00
-0.000000000000000000e+00
-0.000000000000000000e+00
-0.000000000000000000e+00
-0.000000000000000000e+00
-0.000000000000000000e+00
-0.000000000000000000e+00
-0.000000000000000000e+00
-0.000000000000000000e+00
1.301967572899999981e+00
1.708033283879999686e+01
4.301514877819998617e+01
6.325154607239998938e+01
7.099736866569999449e+01
1.039007894848000149e+02
2.702475756937998881e+02
4.199967912773001899e+02
4.405454269261000491e+02
1.960879749727999410e+02
4.360942946999998848e-01
-0.000000000000000000e+00
-0.000000000000000000e+00
-0.000000000000000000e+00
-0.000000000000000000e+00
-0.000000000000000000e+00
-0.000000000000000000e+00
-0.000000000000000000e+00
-0.000000000000000000e+00
-0.000000000000000000e+00
-0.000000000000000000e+00
-0.000000000000000000e+00
-0.000000000000000000e+00
-0.000000000000000000e+00
-0.000000000000000000e+00
2.626355712999999703e+00
1.387259332350000207e+01
2.508338412420001262e+01
3.318138769629999985e+01
3.650444002639999042e+01
3.421667496639999939e+01
2.608544647129999561e+01
1.301493118700000018e+01
2.262420042500000061e+00
-0.000000000000000000e+00
-0.000000000000000000e+00
-0.000000000000000000e+00
-0.000000000000000000e+00
-0.000000000000000000e+00
-0.000000000000000000e+00
-0.000000000000000000e+00
-0.000000000000000000e+00
-0.000000000000000000e+00
-0.000000000000000000e+00
-0.000000000000000000e+00
-0.000000000000000000e+00
6.644614424999997659e+00
3.546518470680000235e+01
4.398365930270001911e+01
4.746094570400002510e+01
4.736940398859997003e+01
4.593715368360000895e+01
5.165814696689997021e+01
6.214015344749999770e+01
2.748400934456000186e+02
5.094621596826000314e+02
6.399478182557998025e+02
7.037365984726000079e+02
5.610526417446998266e+02
3.336352155806000610e+02
9.447215255000005030e+00
-0.000000000000000000e+00
-0.000000000000000000e+00
-0.000000000000000000e+00
-0.000000000000000000e+00
-0.000000000000000000e+00
-0.000000000000000000e+00
-0.000000000000000000e+00
-0.000000000000000000e+00
-0.000000000000000000e+00
8.915596087399997316e+00
3.806228462520000733e+01
5.961828429770000071e+01
7.566632201009994674e+01
9.199690501979995361e+01
1.128787056297000220e+02
1.358460389977000489e+02
1.464674982851999800e+02
2.288209251226000447e+02
2.899407353157000102e+02
3.396458917270998654e+02
4.458382793183000103e+02
4.948865697738999643e+02
3.868684373455002401e+02
9.082779913750000844e+01
1.377062343900000041e+00
-0.000000000000000000e+00
-0.000000000000000000e+00
-0.000000000000000000e+00
-0.000000000000000000e+00
-0.000000000000000000e+00
-0.000000000000000000e+00
-0.000000000000000000e+00
-0.000000000000000000e+00
8.116530975099999878e+00
3.087876323360000086e+01
5.811201860750000492e+01
8.324697800260000236e+01
8.053923321630003329e+01
1.284863957545999540e+02
1.481915423359000101e+02
1.633195075449000058e+02
2.091883576358999335e+02
3.142660231812998859e+02
4.300918702091001364e+02
5.181847190887001489e+02
5.089557227119000231e+02
3.942607130363001033e+02
9.011064269900003865e+01
1.377062343900000041e+00
-0.000000000000000000e+00
-0.000000000000000000e+00
-0.000000000000000000e+00
-0.000000000000000000e+00
-0.000000000000000000e+00
-0.000000000000000000e+00
-0.000000000000000000e+00
-0.000000000000000000e+00
8.515364870500002681e+00
3.054572384649999961e+01
5.209064159610002065e+01
6.643851970670003482e+01
7.038573060979997820e+01
1.021198596743999474e+02
1.329802847550000138e+02
1.624517375618999893e+02
1.751012808565999990e+02
1.794392371672000479e+02
2.420559969361999890e+02
2.370494714909000038e+02
1.042547119274999972e+02
5.130660566759999597e+01
1.253215879019999512e+01
8.962189711000000392e-01
-0.000000000000000000e+00
-0.000000000000000000e+00
-0.000000000000000000e+00
-0.000000000000000000e+00
-0.000000000000000000e+00
-0.000000000000000000e+00
-0.000000000000000000e+00
4.372668429000000079e-01
1.341910835889999554e+01
4.036895732409999482e+01
4.711398968630000184e+01
5.172328441919999875e+01
5.404055354830001789e+01
6.045873883390002845e+01
7.435834798309998916e+01
8.946107728290000694e+01
2.580503549000999897e+02
4.484641778691000695e+02
6.030858431546000702e+02
6.781188909687002706e+02
6.388149658386001875e+02
4.391371926416999827e+02
1.171263107619999886e+02
1.377070515300000020e+00
-0.000000000000000000e+00
-0.000000000000000000e+00
-0.000000000000000000e+00
-0.000000000000000000e+00
-0.000000000000000000e+00
-0.000000000000000000e+00
-0.000000000000000000e+00
4.372511860000000694e-01
1.158774058639999893e+01
3.773473811600000971e+01
5.892998162680003560e+01
7.636133438069998647e+01
9.564543075719997489e+01
1.000650110504000168e+02
1.602590797787000270e+02
1.322336954090999654e+02
1.797010783623000520e+02
2.172264224251000826e+02
1.716434431864000203e+02
1.485469669583999348e+02
1.059397110688000225e+02
5.121984152849999816e+01
1.308053919890000039e+01
8.962295696999998951e-01
-0.000000000000000000e+00
-0.000000000000000000e+00
-0.000000000000000000e+00
-0.000000000000000000e+00
-0.000000000000000000e+00
-0.000000000000000000e+00
-0.000000000000000000e+00
4.372566146000000376e-01
1.120966593490000029e+01
3.850202572780001731e+01
5.640738002880000579e+01
5.738372253489998087e+01
5.528339194919998079e+01
6.399347028249999170e+01
8.793387323050001214e+01
1.257132843485000109e+02
2.443473381151999320e+02
2.872586615493000863e+02
2.388450269892001074e+02
2.971170635022999704e+02
3.141011607022999783e+02
2.064443297649000044e+02
2.269668883170000839e+01
8.962060240999999428e-01
-0.000000000000000000e+00
-0.000000000000000000e+00
-0.000000000000000000e+00
-0.000000000000000000e+00
-0.000000000000000000e+00
-0.000000000000000000e+00
-0.000000000000000000e+00
-0.000000000000000000e+00
1.006831736870000071e+01
3.770660598450000833e+01
5.920792309140001208e+01
7.051821639100000993e+01
7.038260356399999296e+01
7.201658441169999492e+01
6.472933769200001564e+01
7.308793191000000888e+01
2.506632956496000020e+02
4.506199917253000535e+02
6.126257900120999693e+02
6.916578169848002062e+02
6.602347112560997857e+02
4.271723528584001315e+02
1.234980088351000092e+02
1.888254044900000039e+00
-0.000000000000000000e+00
-0.000000000000000000e+00
-0.000000000000000000e+00
-0.000000000000000000e+00
-0.000000000000000000e+00
-0.000000000000000000e+00
-0.000000000000000000e+00
-0.000000000000000000e+00
-0.000000000000000000e+00
7.350864308900001198e+00
3.756124754540000055e+01
4.905867492319999457e+01
5.480864647839997161e+01
6.319777604280001526e+01
7.626005186599995511e+01
9.911989379769997299e+01
2.432659125726999036e+02
4.127407180740000285e+02
4.995316525233999414e+02
5.104932360049998579e+02
4.187598522263002110e+02
8.175066198459997224e+01
-0.000000000000000000e+00
-0.000000000000000000e+00
-0.000000000000000000e+00
-0.000000000000000000e+00
-0.000000000000000000e+00
-0.000000000000000000e+00
-0.000000000000000000e+00
-0.000000000000000000e+00
-0.000000000000000000e+00
-0.000000000000000000e+00
1.304528558699999730e+00
1.159500694950000188e+01
2.994334275369999432e+01
4.878862166910001008e+01
6.607356162959999324e+01
1.109740065547999990e+02
1.173977527532999829e+02
1.533443928250999875e+02
1.989335601405999512e+02
1.464571435443000098e+02
7.808049368299998605e+01
5.948672600569999247e+01
3.657631734829999459e+01
1.392647080990000319e+01
3.268225228800000881e+00
-0.000000000000000000e+00
-0.000000000000000000e+00
-0.000000000000000000e+00
-0.000000000000000000e+00
-0.000000000000000000e+00
-0.000000000000000000e+00
-0.000000000000000000e+00
-0.000000000000000000e+00
-0.000000000000000000e+00
5.632924339300001471e+00
3.050678676049999893e+01
5.782072175549998150e+01
8.306032648029999166e+01
8.054736377599999742e+01
1.282860817831999611e+02
1.477492152018999718e+02
1.623407613046000222e+02
1.753423583135999309e+02
1.788138377814999842e+02
2.439177102913999988e+02
2.356317172564999396e+02
1.005895309479000446e+02
4.655920664869999825e+01
9.993597862599997939e+00
4.395412459999999966e-01
-0.000000000000000000e+00
-0.000000000000000000e+00
-0.000000000000000000e+00
-0.000000000000000000e+00
-0.000000000000000000e+00
-0.000000000000000000e+00
-0.000000000000000000e+00
-0.000000000000000000e+00
9.585302441699999676e+00
3.447369742359999378e+01
5.009127733490000622e+01
5.442436266539999679e+01
6.433478668200000072e+01
8.136679664790000288e+01
1.167642561949999589e+02
1.486775307550999514e+02
2.144827428756999836e+02
2.590937298810999891e+02
2.748869198197000401e+02
1.720121077647000334e+02
1.168382730532999432e+02
4.692541899909996062e+01
1.671263504800000277e+01
8.960862773999997977e-01
-0.000000000000000000e+00
-0.000000000000000000e+00
-0.000000000000000000e+00
-0.000000000000000000e+00
-0.000000000000000000e+00
-0.000000000000000000e+00
-0.000000000000000000e+00
-0.000000000000000000e+00
2.547757913700000376e+00
2.612861716460001205e+01
4.643843196820000685e+01
5.348824194480002348e+01
5.353503747849998717e+01
6.033395488899998327e+01
7.114856085130004715e+01
9.393009711949993346e+01
2.528529248294999547e+02
4.296959952247999581e+02
5.438575146693999613e+02
6.157362260573002004e+02
5.387646120222003674e+02
2.868675086261000047e+02
9.183120503200001394e+00
-0.000000000000000000e+00
-0.000000000000000000e+00
-0.000000000000000000e+00
-0.000000000000000000e+00
-0.000000000000000000e+00
-0.000000000000000000e+00
-0.000000000000000000e+00
-0.000000000000000000e+00
-0.000000000000000000e+00
-0.000000000000000000e+00
8.216196099600002967e+00
3.732360328770000280e+01
6.507717186080003557e+01
7.784641460970000537e+01
9.056631368080000755e+01
9.334344664900000055e+01
9.738466863200000034e+01
2.778179635013999587e+02
4.241830108867000035e+02
4.808607074824000733e+02
5.630016536979002240e+02
4.467172060028998999e+02
7.735360309809996693e+01
-0.000000000000000000e+00
-0.000000000000000000e+00
-0.000000000000000000e+00
-0.000000000000000000e+00
-0.000000000000000000e+00
-0.000000000000000000e+00
-0.000000000000000000e+00
-0.000000000000000000e+00
-0.000000000000000000e+00
-0.000000000000000000e+00
-0.000000000000000000e+00
4.313398265000000231e-01
1.503224792399999821e+01
4.549151373019998346e+01
6.468085584409998035e+01
7.696268596530001105e+01
8.859690889010001058e+01
1.220798552629999989e+02
2.374435945138999671e+02
2.427431590115000120e+02
9.609611965990001181e+01
4.316492431930000606e+01
7.082744634300003561e+00
-0.000000000000000000e+00
-0.000000000000000000e+00
-0.000000000000000000e+00
-0.000000000000000000e+00
-0.000000000000000000e+00
-0.000000000000000000e+00
-0.000000000000000000e+00
-0.000000000000000000e+00
-0.000000000000000000e+00
-0.000000000000000000e+00
-0.000000000000000000e+00
4.786630460000000475e+00
1.789094232879999780e+01
4.481288415730000452e+01
7.562539332170001671e+01
1.061238146634000117e+02
1.280893239889999506e+02
1.475026331288999586e+02
1.394553160172999640e+02
1.750962906814999940e+02
1.790242585505000363e+02
2.439185344775000601e+02
3.001535370902998920e+02
3.101389638472999195e+02
2.099426231144999804e+02
2.065006875109998319e+01
8.961568885999998679e-01
-0.000000000000000000e+00
-0.000000000000000000e+00
-0.000000000000000000e+00
-0.000000000000000000e+00
-0.000000000000000000e+00
-0.000000000000000000e+00
-0.000000000000000000e+00
-0.000000000000000000e+00
9.179839579100001146e+00
3.490316224089999508e+01
4.888183108330000692e+01
4.947428106190000818e+01
5.127204422490000724e+01
5.016625664529998119e+01
5.378111809470000537e+01
6.256264531549999930e+01
2.476240272674000380e+02
4.391068634610001027e+02
6.005074759775001212e+02
6.667125039766999635e+02
6.097176133629998276e+02
3.759788768192998987e+02
8.595821236570004942e+01
1.377368028999999883e+00
-0.000000000000000000e+00
-0.000000000000000000e+00
-0.000000000000000000e+00
-0.000000000000000000e+00
-0.000000000000000000e+00
-0.000000000000000000e+00
-0.000000000000000000e+00
-0.000000000000000000e+00
2.130995027800000940e+00
2.539547537559999313e+01
4.757517350540002354e+01
5.660406352700000099e+01
7.281030421460000923e+01
8.761603986660001908e+01
1.075511566764000406e+02
1.391400082652999686e+02
2.240818805655000574e+02
2.598207770231999802e+02
1.596421876684999859e+02
1.199092214201999980e+02
6.705214470430000517e+01
2.422050257179999733e+01
3.159961844800000641e+00
-0.000000000000000000e+00
-0.000000000000000000e+00
-0.000000000000000000e+00
-0.000000000000000000e+00
-0.000000000000000000e+00
-0.000000000000000000e+00
-0.000000000000000000e+00
-0.000000000000000000e+00
-0.000000000000000000e+00
-0.000000000000000000e+00
8.514467209599999364e+00
3.854891890439999713e+01
4.380079000690002289e+01
4.762016744990000205e+01
4.890680382780000457e+01
4.899159246970001647e+01
6.052163566779999115e+01
2.902431968527000095e+02
4.919765591848999975e+02
6.204328100051001229e+02
6.251530063775999224e+02
4.429389741871002002e+02
1.800726682290000014e+01
-0.000000000000000000e+00
-0.000000000000000000e+00
-0.000000000000000000e+00
-0.000000000000000000e+00
-0.000000000000000000e+00
-0.000000000000000000e+00
-0.000000000000000000e+00
-0.000000000000000000e+00
-0.000000000000000000e+00
-0.000000000000000000e+00
-0.000000000000000000e+00
-0.000000000000000000e+00
6.481144120999998925e+00
2.316952169510000203e+01
3.916024600740001915e+01
5.259288287959999764e+01
6.186136766060000980e+01
6.565478056870001922e+01
6.382673875129999885e+01
5.534244510199999212e+01
4.050959417499999660e+01
2.087445067640000573e+01
3.588729738700001004e+00
-0.000000000000000000e+00
-0.000000000000000000e+00
-0.000000000000000000e+00
-0.000000000000000000e+00
-0.000000000000000000e+00
-0.000000000000000000e+00
-0.000000000000000000e+00
-0.000000000000000000e+00
-0.000000000000000000e+00
-0.000000000000000000e+00
-0.000000000000000000e+00
-0.000000000000000000e+00
-0.000000000000000000e+00
8.696669701999998336e-01
9.938932932900002015e+00
2.470185966709999903e+01
4.168638368470000444e+01
5.694428494499999260e+01
6.847463446640000484e+01
7.387388963929998908e+01
6.798339120049999451e+01
4.469390122059999015e+01
9.722398214500000080e+00
-0.000000000000000000e+00
-0.000000000000000000e+00
-0.000000000000000000e+00
-0.000000000000000000e+00
-0.000000000000000000e+00
-0.000000000000000000e+00
-0.000000000000000000e+00
-0.000000000000000000e+00
-0.000000000000000000e+00
-0.000000000000000000e+00
-0.000000000000000000e+00
-0.000000000000000000e+00
-0.000000000000000000e+00
-0.000000000000000000e+00
-0.000000000000000000e+00
2.190267764899999747e+00
1.302566984390000471e+01
2.465635797719999189e+01
3.274503168959999755e+01
3.604820065639999171e+01
3.375494559819999552e+01
2.559442501819999194e+01
1.303200290800000083e+01
2.265609253100000053e+00
-0.000000000000000000e+00
-0.000000000000000000e+00
-0.000000000000000000e+00
-0.000000000000000000e+00
-0.000000000000000000e+00
-0.000000000000000000e+00
-0.000000000000000000e+00
-0.000000000000000000e+00
-0.000000000000000000e+00
-0.000000000000000000e+00
-0.000000000000000000e+00
-0.000000000000000000e+00
-0.000000000000000000e+00
-0.000000000000000000e+00
3.888692128899999823e+00
2.525388427820000459e+01
5.338055622619999951e+01
7.339880731070000763e+01
9.150702497290002668e+01
1.215818758464999689e+02
2.529486914821999335e+02
4.012336384527001201e+02
4.333907103434000874e+02
2.725757865201998698e+02
5.129575591799998335e+00
-0.000000000000000000e+00
-0.000000000000000000e+00
-0.000000000000000000e+00
-0.000000000000000000e+00
-0.000000000000000000e+00
-0.000000000000000000e+00
-0.000000000000000000e+00
-0.000000000000000000e+00
-0.000000000000000000e+00
-0.000000000000000000e+00
-0.000000000000000000e+00
-0.000000000000000000e+00
-0.000000000000000000e+00
5.116189805300001225e+00
2.829776892920000009e+01
5.239385781749996340e+01
7.113861343449998742e+01
8.610165833379997480e+01
9.682076019869997197e+01
1.041026351113000175e+02
9.707091310919999216e+01
6.579495030709998105e+01
2.476246904810000160e+01
1.889901310800000234e+00
-0.000000000000000000e+00
-0.000000000000000000e+00
-0.000000000000000000e+00
-0.000000000000000000e+00
-0.000000000000000000e+00
-0.000000000000000000e+00
-0.000000000000000000e+00
-0.000000000000000000e+00
-0.000000000000000000e+00
-0.000000000000000000e+00
-0.000000000000000000e+00
-0.000000000000000000e+00
-0.000000000000000000e+00
2.606408297700000265e+00
1.621258853190000337e+01
3.159788823739999941e+01
4.432374311670001532e+01
5.270871394930000520e+01
5.623972071519999361e+01
1.497572156344999712e+02
2.520614338247999910e+02
3.575493284457000414e+02
1.605009266931000411e+02
3.711592979900000255e+00
-0.000000000000000000e+00
-0.000000000000000000e+00
-0.000000000000000000e+00
-0.000000000000000000e+00
-0.000000000000000000e+00
-0.000000000000000000e+00
-0.000000000000000000e+00
-0.000000000000000000e+00
-0.000000000000000000e+00
-0.000000000000000000e+00
-0.000000000000000000e+00
-0.000000000000000000e+00
-0.000000000000000000e+00
2.604843605600000167e+00
1.579767180930000237e+01
3.081343728070000054e+01
5.458308440309998844e+01
7.769313533080000411e+01
9.808807497500001205e+01
9.764326473430000419e+01
8.245358341429998461e+01
5.223426543679998701e+01
1.921686334769999860e+01
1.372710868800000261e+00
-0.000000000000000000e+00
-0.000000000000000000e+00
-0.000000000000000000e+00
-0.000000000000000000e+00
-0.000000000000000000e+00
-0.000000000000000000e+00
-0.000000000000000000e+00
-0.000000000000000000e+00
-0.000000000000000000e+00
-0.000000000000000000e+00
-0.000000000000000000e+00
-0.000000000000000000e+00
-0.000000000000000000e+00
3.028066130600000072e+00
1.657150426240000129e+01
3.040445671469999667e+01
6.965136160420001943e+01
8.922505460090002316e+01
9.616450085579998586e+01
2.630695979248998810e+02
3.687932324547999769e+02
4.126323278546998949e+02
2.382092357493000350e+02
3.050113148899999960e+00
-0.000000000000000000e+00
-0.000000000000000000e+00
-0.000000000000000000e+00
-0.000000000000000000e+00
-0.000000000000000000e+00
-0.000000000000000000e+00
-0.000000000000000000e+00
-0.000000000000000000e+00
-0.000000000000000000e+00
-0.000000000000000000e+00
-0.000000000000000000e+00
-0.000000000000000000e+00
-0.000000000000000000e+00
6.197288058299999847e+00
3.306651434409999268e+01
4.515594949929997881e+01
6.698285820379999222e+01
8.068104626499999199e+01
1.182094266007000130e+02
1.711804493976000288e+02
1.680969683865000661e+02
5.994446014749999563e+01
2.016335243000000332e+01
1.372498147000000168e+00
-0.000000000000000000e+00
-0.000000000000000000e+00
-0.000000000000000000e+00
-0.000000000000000000e+00
-0.000000000000000000e+00
-0.000000000000000000e+00
-0.000000000000000000e+00
-0.000000000000000000e+00
-0.000000000000000000e+00
-0.000000000000000000e+00
-0.000000000000000000e+00
-0.000000000000000000e+00
-0.000000000000000000e+00
7.285645227899999909e+00
3.366403792689998653e+01
3.936899345980003062e+01
5.516933886170001244e+01
8.179212443469999982e+01
1.135238402760999747e+02
1.561107565628000202e+02
1.035126140762000233e+02
5.885140518579998314e+01
1.968335633479999558e+01
8.909054345000002595e-01
-0.000000000000000000e+00
-0.000000000000000000e+00
-0.000000000000000000e+00
-0.000000000000000000e+00
-0.000000000000000000e+00
-0.000000000000000000e+00
-0.000000000000000000e+00
-0.000000000000000000e+00
-0.000000000000000000e+00
-0.000000000000000000e+00
-0.000000000000000000e+00
-0.000000000000000000e+00
-0.000000000000000000e+00
-0.000000000000000000e+00
9.402414106799996674e+00
3.352123829760000007e+01
5.004040283069997486e+01
5.950179867149999779e+01
6.080044937879999623e+01
5.252448055869999166e+01
3.612968663900001332e+01
1.743258384340000333e+01
6.802808349500001128e+00
-0.000000000000000000e+00
-0.000000000000000000e+00
-0.000000000000000000e+00
-0.000000000000000000e+00
-0.000000000000000000e+00
-0.000000000000000000e+00
-0.000000000000000000e+00
-0.000000000000000000e+00
-0.000000000000000000e+00
-0.000000000000000000e+00
-0.000000000000000000e+00
-0.000000000000000000e+00
-0.000000000000000000e+00
-0.000000000000000000e+00
-0.000000000000000000e+00
6.093626878399997615e+00
1.934557222069999938e+01
3.133349091810000786e+01
3.952795322349999907e+01
4.265615737190000800e+01
5.256535784010000611e+01
5.217457339910000513e+01
3.493042439479999217e+01
6.271061285999999235e+00
-0.000000000000000000e+00
-0.000000000000000000e+00
-0.000000000000000000e+00
-0.000000000000000000e+00
-0.000000000000000000e+00
-0.000000000000000000e+00
-0.000000000000000000e+00
-0.000000000000000000e+00
-0.000000000000000000e+00
-0.000000000000000000e+00
-0.000000000000000000e+00
-0.000000000000000000e+00
-0.000000000000000000e+00
-0.000000000000000000e+00
-0.000000000000000000e+00
1.015977832780000512e+01
3.273499851239999003e+01
5.236850069270000319e+01
6.738828121110000779e+01
7.609383370959999127e+01
7.833121282490000681e+01
6.750954859779997719e+01
3.506330773579999516e+01
6.300806279499998830e+00
-0.000000000000000000e+00
-0.000000000000000000e+00
-0.000000000000000000e+00
-0.000000000000000000e+00
-0.000000000000000000e+00
-0.000000000000000000e+00
-0.000000000000000000e+00
-0.000000000000000000e+00
-0.000000000000000000e+00
-0.000000000000000000e+00
-0.000000000000000000e+00
-0.000000000000000000e+00
-0.000000000000000000e+00
-0.000000000000000000e+00
4.342095670000000185e-01
1.702709482839999566e+01
3.343770654740000481e+01
3.325809315049998105e+01
3.925053360869999608e+01
8.790671718179997640e+01
2.528329460885998969e+02
3.765562859246998642e+02
3.621374081970001271e+02
6.087083547570002651e+01
-0.000000000000000000e+00
-0.000000000000000000e+00
-0.000000000000000000e+00
-0.000000000000000000e+00
-0.000000000000000000e+00
-0.000000000000000000e+00
-0.000000000000000000e+00
-0.000000000000000000e+00
-0.000000000000000000e+00
-0.000000000000000000e+00
-0.000000000000000000e+00
-0.000000000000000000e+00
-0.000000000000000000e+00
-0.000000000000000000e+00
-0.000000000000000000e+00
1.011838586200000201e+01
3.160805826440001098e+01
5.664478359430000154e+01
7.568092004289998442e+01
1.019383116237000024e+02
1.804000240092000524e+02
2.818292844673998729e+02
2.648923989230999041e+02
1.816833349570000067e+01
-0.000000000000000000e+00
-0.000000000000000000e+00
-0.000000000000000000e+00
-0.000000000000000000e+00
-0.000000000000000000e+00
-0.000000000000000000e+00
-0.000000000000000000e+00
-0.000000000000000000e+00
-0.000000000000000000e+00
-0.000000000000000000e+00
-0.000000000000000000e+00
-0.000000000000000000e+00
-0.000000000000000000e+00
-0.000000000000000000e+00
-0.000000000000000000e+00
1.585520054620000430e+01
3.709535991730000859e+01
3.212218533850000313e+01
3.390097701909998307e+01
8.065752713300001631e+01
2.578500324633999981e+02
3.831003709183000296e+02
3.155175283654000395e+02
4.026160301329998958e+01
-0.000000000000000000e+00
-0.000000000000000000e+00
-0.000000000000000000e+00
-0.000000000000000000e+00
-0.000000000000000000e+00
-0.000000000000000000e+00
-0.000000000000000000e+00
-0.000000000000000000e+00
-0.000000000000000000e+00
-0.000000000000000000e+00
-0.000000000000000000e+00
-0.000000000000000000e+00
-0.000000000000000000e+00
-0.000000000000000000e+00
-0.000000000000000000e+00
1.007289200049999955e+01
3.046849136990000062e+01
4.909117393589998812e+01
6.431179786299999535e+01
7.255177853179999659e+01
1.763291374780000069e+02
3.080648287613996672e+02
3.515608414521000782e+02
3.649526110570000270e+01
-0.000000000000000000e+00
-0.000000000000000000e+00
-0.000000000000000000e+00
-0.000000000000000000e+00
-0.000000000000000000e+00
-0.000000000000000000e+00
-0.000000000000000000e+00
-0.000000000000000000e+00
7.037365984726000079e+02
