178.56
178.56
178.56
49.2690751
49.12980086
163.6454003500002
49.13488048
49.21859858999997
48.81847389999998
48.55499859
48.46056334
48.375522860000004
48.402697
47.98599203999997
48.31924139
48.01169575999999
48.02988624
48.18603537999999
48.08651869000002
48.24500289
48.26332245
48.276225479999994
47.92753678999999
48.54424862
51.70689034000001
51.05900562
50.94326740999999
178.56
178.56
51.099234550000006
50.91938110000001
50.87486844999999
50.53885921000001
50.61259216999999
51.10903006999998
51.66062510000001
52.52709966
52.91414547999999
52.82132821
88.57767673000012
53.84025499999999
54.69037931000002
54.59289073000001
54.23655286000002
53.63651111000001
53.298704689999994
178.56
178.56
62.49722961999998
63.52789331
64.62195299
63.29572466
62.95504327
61.79811154999999
60.82328455
60.57112830999999
60.39717852
60.33020679000001
60.75398104999999
61.15101314
178.56
178.56
178.56
59.644403559999986
58.56190424
58.25364089999999
178.56
99.28244900000084
61.92718762999999
61.577291790000004
61.43447562
178.56
54.592825
53.80693100999999
52.50451941000001
51.83422776
178.56
51.50404945
51.35630395
51.035233550000015
50.62746038000002
50.31568016999999
51.61720486999999
51.47341346
49.82588785999999
50.94430614
51.99511799999998
86.77007137000038
52.05775623999999
52.16873214
53.74155282999999
53.51683372
52.85906759
178.56
178.56
178.56
55.56235299999999
55.58067242000001
54.52558538
178.56
178.56
178.56
52.50761796000001
50.72280276
51.80474795999999
51.14623724
52.35382137999999
54.13649331999999
54.38886593000001
54.66744437000001
178.56
55.67335927999999
117.7649924100004
53.40497623999999
55.14855709999998
55.870374
56.27772254999999
58.39544697
57.90592492999999
55.5515667
59.78372435000001
178.56
61.90298162999999
178.56
178.56
61.42045147
59.37961127000001
59.22396249
59.64668486
60.12348769000001
61.08092423999997
62.78841764999999
178.56
63.06416647999999
110.7565368100001
61.87090959
61.28151946000001
59.13364778999999
178.56
62.16879437999999
62.47355358999999
63.50842539999996
63.31212104000001
62.81004820999999
52.78524958000001
52.81994416999999
52.76742317
52.29728014000001
51.07002151999999
51.13419233999998
50.64741703000001
50.16785444999999
50.61680861999999
178.56
178.56
178.56
51.40356696999999
52.25985141999998
52.36261323999999
85.39908759999985
178.56
54.15240606999999
53.48008589000001
53.76292557999999
53.37391485999999
54.96026241999999
54.95032158000001
56.07728664999998
49.39499186999998
50.68096096
51.32264690000001
51.57648363
50.85621876999999
176.5678655499999
178.56
178.56
178.56
49.17513068999999
49.28536192999999
48.63711846000001
48.73764700000001
49.59760155
51.13928917999999
49.90530502999999
48.08596849000001
47.75940371999998
48.66465995999998
48.23614845
49.05187896000001
50.07953951
50.51738076000001
50.17800892999999
49.22939000000001
49.25179
49.27419
49.29658999999999
49.31898999999999
49.32459
49.34699
49.36939
49.39178999999999
49.414190000000005
49.43659
49.45898999999999
49.48138999999999
178.56
178.56
171.9618809800005
178.56
49.78465799999999
49.76824999999999
49.67987262
49.65106768999999
49.62536830999999
49.60113199999999
49.649327
56.47385785999999
116.4765043600005
178.56
178.56
178.56
178.56
53.049894239999986
52.92566034
52.41139617
51.5739889
53.07686775999999
54.59794507999999
53.62460606999999
53.63042517
55.36371420999998
55.761976550000014
56.22271241999999
56.82528179999999
57.37710740999999
56.711666760000014
56.74412778999999
55.02676410000001
54.57707766
53.77221465
178.56
62.91785289999998
