52.53671968999999
50.05492575999998
51.76614120999999
52.66113048
51.49773096999999
51.72406385999999
51.22514886999999
50.84827734
49.4988711
47.77244730999998
178.56
178.56
52.73936248
105.2100387100003
178.56
178.56
55.38338596000001
55.34988473
59.66452114000001
60.40995197999999
58.84840940999999
58.71578299999998
57.99377317999997
56.97192452
178.56
178.56
178.56
178.56
85.70470542000061
51.70658521
50.54680378999999
49.61910064999999
48.86754879999999
48.78371407
49.64800616999999
49.07155140999998
51.94205288999999
50.9075259
51.94157723999999
54.76487758
54.87577662
55.11482928000001
55.20339734000001
56.188040999999984
57.37758109999999
57.14377732
56.22893297
56.13206003999999
55.56235299999999
55.58067242000001
54.52558538
178.56
178.56
178.56
178.56
50.72280276
51.80474795999999
51.14623724
52.35382137999999
54.13649331999999
54.38886593000001
54.66744437000001
55.80380456
55.67335927999999
55.87203748000001
53.40497623999999
55.14855709999998
55.870374
56.27772254999999
58.39544697
116.5026932600003
55.5515667
178.56
112.3803723400001
62.67572660999997
178.56
178.56
178.56
178.56
60.14067262000001
59.95992092999998
60.29437679999999
61.68052338
61.58457403
61.26073078999998
62.66938817999999
63.15152857999999
62.91785289999998
62.53700397
62.98498233999998
62.75669575000001
63.03229779
63.96684035000001
63.87458720999999
63.904379069999976
61.32156085999999
53.54985978999999
53.48519904
52.84231883
52.32204802999998
52.46151344000001
52.28244245000001
52.32499117999998
52.70618535
54.21927980000001
53.44786013000001
54.59299748
54.70746434999999
54.47663613
111.0756879200003
178.56
178.56
178.56
178.56
54.47584995999998
53.843185619999986
54.87705783000001
56.05704972000001
57.83181607
57.97608137999999
52.78524958000001
52.81994416999999
52.76742317
52.29728014000001
51.07002151999999
51.13419233999998
50.64741703000001
50.16785444999999
50.61680861999999
178.56
178.56
178.56
51.40356696999999
52.25985141999998
52.36261323999999
85.39908759999985
178.56
54.15240606999999
53.48008589000001
53.76292557999999
53.37391485999999
54.96026241999999
54.95032158000001
56.07728664999998
55.58928165
55.73521625
134.0079035400007
178.56
178.56
178.56
178.56
54.093648070000015
54.36416747999998
54.631118709999996
54.300525650000026
55.78838985999998
55.92557109999998
55.47072594000001
56.43504048
56.14867103999998
55.91481483
56.12927851999999
55.85782047999999
55.73335578999999
55.21316247999998
55.14762876
56.06310038000001
56.72169979
52.74477348000001
53.44895709999999
53.50203025999998
100.0639534000003
178.56
178.56
178.56
178.56
51.98150523999999
53.10644261999999
54.77520510000001
55.28083169
55.18229023999999
54.67842141999999
54.10591935
53.94600882999998
53.81230413999998
53.66822943999998
53.59456003999999
53.94153996000001
53.89733531
53.79653552
53.51114097
53.04869689
52.07405245
91.82313518999987
178.56
178.56
178.56
178.56
49.97269234999999
49.23851575999999
49.07976017
49.54355041999999
51.13405555999999
56.54861015999999
56.28118327999999
55.69492354999999
54.51655943999999
54.50821151999999
53.63620863999999
53.47252189999999
53.5334989
53.405672179999996
52.97115397
52.31790396
53.03209786000001
52.73338293999998
50.86946403
54.86054657999999
89.15477435000042
178.56
178.56
178.56
51.76422601
51.49548872999998
50.44173637999999
49.838024250000004
49.36977975999999
48.79553216999999
49.38796338
51.78506893000001
52.27303654999999
51.71762918
54.33988244999999
53.305945350000016
55.55495427999999
55.35130740999999
53.67046762
54.10271306999999
54.11176652
178.56
178.56
62.91785289999998
