
set Period := 
1
2
3
4
5
6
7
8
9
10
11
12
13
14
15
16
17
18
19
20
21
22
;
set PeriodStandard := 
1
2
3
4
5
6
7
8
9
10
11
12
13
14
15
16
17
18
19
20
;
param: dp := 
1 15.0
2 16.0
3 3.0
4 33.0
5 32.0
6 16.0
7 18.0
8 17.0
9 21.0
10 18.0
11 8.0
12 26.0
13 29.0
14 19.0
15 15.0
16 18.0
17 29.0
18 14.0
19 9.0
20 9.0
21 1.0
22 1.0
;
param: TimeEnd := 
1 24.0
2 24.0
3 24.0
4 24.0
5 24.0
6 24.0
7 24.0
8 24.0
9 24.0
10 24.0
11 24.0
12 24.0
13 24.0
14 24.0
15 24.0
16 24.0
17 24.0
18 24.0
19 24.0
20 24.0
21 1.0
22 1.0
;