ResourceBalances,Period,Time,GWP_supply
Electricity,1,1,0.0509548072325
Electricity,1,2,0.0533429384625
Electricity,1,3,0.0529672469125
Electricity,1,4,0.049480071192499996
Electricity,1,5,0.050478105282500005
Electricity,1,6,0.055710283835
Electricity,1,7,0.064950626305
Electricity,1,8,0.0709889111075
Electricity,1,9,0.07176619556
Electricity,1,10,0.0722379621075
Electricity,1,11,0.0708453485275
Electricity,1,12,0.07189672306
Electricity,1,13,0.06580634791500001
Electricity,1,14,0.06225385781
Electricity,1,15,0.06401991637750001
Electricity,1,16,0.06281297898
Electricity,1,17,0.0696061847175
Electricity,1,18,0.06761174199999999
Electricity,1,19,0.0690096703525
Electricity,1,20,0.0704996527375
Electricity,1,21,0.06533482612500001
Electricity,1,22,0.0661489367925
Electricity,1,23,0.0711304038625
Electricity,1,24,0.0649546142825
Electricity,2,1,0.15811620199999998
Electricity,2,2,0.1437642239
Electricity,2,3,0.121920745325
Electricity,2,4,0.11742372652500001
Electricity,2,5,0.09419291282749999
Electricity,2,6,0.07698134938
Electricity,2,7,0.038663798925
Electricity,2,8,0.02567955324
Electricity,2,9,0.0367866944525
Electricity,2,10,0.048506919867500005
Electricity,2,11,0.04485020786
Electricity,2,12,0.053950024534999995
Electricity,2,13,0.0529849462875
Electricity,2,14,0.0555045419425
Electricity,2,15,0.056831771767500004
Electricity,2,16,0.0587880706925
Electricity,2,17,0.037419295095
Electricity,2,18,0.066117112025
Electricity,2,19,0.08961628993
Electricity,2,20,0.113460205425
Electricity,2,21,0.107823114975
Electricity,2,22,0.128306689275
Electricity,2,23,0.119398522175
Electricity,2,24,0.0779256607975
Electricity,3,1,0.09678137482
Electricity,3,2,0.12294507034999999
Electricity,3,3,0.111681607925
Electricity,3,4,0.10427866229999999
Electricity,3,5,0.09923548189
Electricity,3,6,0.0997529958925
Electricity,3,7,0.08546703494999999
Electricity,3,8,0.08848037084499999
Electricity,3,9,0.090325064735
Electricity,3,10,0.08597948743
Electricity,3,11,0.07923374593
Electricity,3,12,0.10071768993249999
Electricity,3,13,0.10653260027499999
Electricity,3,14,0.11213596605
Electricity,3,15,0.119095011925
Electricity,3,16,0.123937890225
Electricity,3,17,0.0865907812775
Electricity,3,18,0.083124277305
Electricity,3,19,0.0655586763325
Electricity,3,20,0.0940537246325
Electricity,3,21,0.15430556654999997
Electricity,3,22,0.18303728545
Electricity,3,23,0.17628608742500002
Electricity,3,24,0.17022947167500002
Electricity,4,1,0.20373070205
Electricity,4,2,0.228302062475
Electricity,4,3,0.2097113717
Electricity,4,4,0.219331546575
Electricity,4,5,0.203919948225
Electricity,4,6,0.1185228058625
Electricity,4,7,0.027219999999999998
Electricity,4,8,0.048505687935
Electricity,4,9,0.102667837635
Electricity,4,10,0.145267947425
Electricity,4,11,0.190859893575
Electricity,4,12,0.19910927465
Electricity,4,13,0.175966115325
Electricity,4,14,0.17414051317499998
Electricity,4,15,0.147000866275
Electricity,4,16,0.059586291285
Electricity,4,17,0.02807
Electricity,4,18,0.02881
Electricity,4,19,0.036415951829999994
Electricity,4,20,0.05318455831
Electricity,4,21,0.083894718915
Electricity,4,22,0.161065259275
Electricity,4,23,0.2654221068
Electricity,4,24,0.246751484175
Electricity,5,1,0.070842478375
Electricity,5,2,0.0654929916925
Electricity,5,3,0.05696485584
Electricity,5,4,0.071563457345
Electricity,5,5,0.0812947929675
Electricity,5,6,0.052614340245
Electricity,5,7,0.0597795258425
Electricity,5,8,0.06292184613
Electricity,5,9,0.07419860303999999
Electricity,5,10,0.08369546778999999
Electricity,5,11,0.08909745431749999
Electricity,5,12,0.07026412788249999
Electricity,5,13,0.07469568642999999
Electricity,5,14,0.06307372126500001
Electricity,5,15,0.050640859605000005
Electricity,5,16,0.053975469397499996
Electricity,5,17,0.0680731945625
Electricity,5,18,0.07502113632999999
Electricity,5,19,0.0759325012325
Electricity,5,20,0.09241242126999999
Electricity,5,21,0.1033580319
Electricity,5,22,0.108800698275
Electricity,5,23,0.11047292335
Electricity,5,24,0.0976706826575
Electricity,6,1,0.12671285125
Electricity,6,2,0.115446604325
Electricity,6,3,0.104612260925
Electricity,6,4,0.10874912775
Electricity,6,5,0.116858457075
Electricity,6,6,0.119733628275
Electricity,6,7,0.1210152491
Electricity,6,8,0.1010444022825
Electricity,6,9,0.09501296759500001
Electricity,6,10,0.083156450975
Electricity,6,11,0.057974440615
Electricity,6,12,0.02357573403
Electricity,6,13,0.025251619505
Electricity,6,14,0.027429568927500002
Electricity,6,15,0.029383802445
Electricity,6,16,0.043405586995
Electricity,6,17,0.02885060026
Electricity,6,18,0.027820830385000002
Electricity,6,19,0.045030967325
Electricity,6,20,0.0667177046075
Electricity,6,21,0.06685733349999999
Electricity,6,22,0.09041492447
Electricity,6,23,0.0979208314925
Electricity,6,24,0.12847867880000002
Electricity,7,1,0.06052906072
Electricity,7,2,0.0678955075975
Electricity,7,3,0.058019700485
Electricity,7,4,0.0392509885475
Electricity,7,5,0.037954302335
Electricity,7,6,0.032135711762500005
Electricity,7,7,0.0254212554525
Electricity,7,8,0.029010344225
Electricity,7,9,0.0486703253425
Electricity,7,10,0.065203999955
Electricity,7,11,0.07184346923
Electricity,7,12,0.08488115479
Electricity,7,13,0.07857868534000001
Electricity,7,14,0.06512896743
Electricity,7,15,0.049833035755
Electricity,7,16,0.0370054488325
Electricity,7,17,0.032582170380000004
Electricity,7,18,0.02409963711
Electricity,7,19,0.023445823185
Electricity,7,20,0.0550387017125
Electricity,7,21,0.07762359052
Electricity,7,22,0.0849259086025
Electricity,7,23,0.105477302025
Electricity,7,24,0.10884497639999999
Electricity,8,1,0.037511132877500006
Electricity,8,2,0.0397447451725
Electricity,8,3,0.0431915961725
Electricity,8,4,0.0326907057575
Electricity,8,5,0.0268130023975
Electricity,8,6,0.02382
Electricity,8,7,0.02604
Electricity,8,8,0.024938885602500002
Electricity,8,9,0.0408913024
Electricity,8,10,0.061733956227500004
Electricity,8,11,0.05956738851500001
Electricity,8,12,0.058572499755
Electricity,8,13,0.0585886679175
Electricity,8,14,0.0565825966825
Electricity,8,15,0.046724112830000004
Electricity,8,16,0.025927589395
Electricity,8,17,0.0242
Electricity,8,18,0.02551
Electricity,8,19,0.02539
Electricity,8,20,0.02431
Electricity,8,21,0.01875
Electricity,8,22,0.019067420340000002
Electricity,8,23,0.017951674625
Electricity,8,24,0.0383987049475
Electricity,9,1,0.0322963114725
Electricity,9,2,0.0408660397725
Electricity,9,3,0.04222938096
Electricity,9,4,0.03867342685
Electricity,9,5,0.025981907132500003
Electricity,9,6,0.0233651923175
Electricity,9,7,0.02631744299
Electricity,9,8,0.051606247325
Electricity,9,9,0.07918702626250002
Electricity,9,10,0.07804125455000001
Electricity,9,11,0.08169536166250001
Electricity,9,12,0.08518292128499999
Electricity,9,13,0.0837100920275
Electricity,9,14,0.0750829908325
Electricity,9,15,0.052385439605
Electricity,9,16,0.03675038338
Electricity,9,17,0.0268517412975
Electricity,9,18,0.02588
Electricity,9,19,0.023329999999999997
Electricity,9,20,0.0223461746075
Electricity,9,21,0.0204968086375
Electricity,9,22,0.0195760049175
Electricity,9,23,0.0255167711725
Electricity,9,24,0.02917864509
Electricity,10,1,0.0288276504325
Electricity,10,2,0.0266859525
Electricity,10,3,0.02497735843
Electricity,10,4,0.0248878168175
Electricity,10,5,0.025606989017499998
Electricity,10,6,0.026210671860000003
Electricity,10,7,0.0294032329875
Electricity,10,8,0.0347002584375
Electricity,10,9,0.039215764815
Electricity,10,10,0.045391890835
Electricity,10,11,0.049894588045
Electricity,10,12,0.037891597915
Electricity,10,13,0.0375966201975
Electricity,10,14,0.041347734675
Electricity,10,15,0.0398794458275
Electricity,10,16,0.034688171154999996
Electricity,10,17,0.028281914722500003
Electricity,10,18,0.026973854545
Electricity,10,19,0.02647426399
Electricity,10,20,0.0247763407725
Electricity,10,21,0.02316052577
Electricity,10,22,0.0238324818625
Electricity,10,23,0.0382614783625
Electricity,10,24,0.045790274809999996
Electricity,11,1,0.0505790305275
Electricity,12,1,0.037262014575
