0.0
0.0
0.0
0.0
0.0
0.0
0.0
0.0
6.0
114.0
222.0
301.0
334.0
318.0
244.0
130.0
13.0
0.0
0.0
0.0
0.0
0.0
0.0
0.0
0.0
0.0
0.0
0.0
0.0
0.0
0.0
0.0
33.0
107.0
158.0
184.0
207.0
181.0
132.0
61.0
3.0
0.0
0.0
0.0
0.0
0.0
0.0
0.0
0.0
0.0
0.0
0.0
0.0
0.0
0.0
0.0
3.0
13.0
24.0
31.0
35.0
263.0
215.0
143.0
53.0
0.0
0.0
0.0
0.0
0.0
0.0
0.0
0.0
0.0
0.0
0.0
0.0
0.0
0.0
0.0
65.0
183.0
240.0
270.0
369.0
324.0
309.0
275.0
150.0
16.0
0.0
0.0
0.0
0.0
0.0
0.0
0.0
0.0
0.0
0.0
0.0
1.0
49.0
130.0
205.0
288.0
331.0
382.0
350.0
367.0
349.0
285.0
224.0
136.0
56.0
1.0
0.0
0.0
0.0
0.0
0.0
0.0
0.0
0.0
0.0
0.0
70.0
220.0
395.0
510.0
636.0
710.0
749.0
729.0
673.0
550.0
403.0
242.0
82.0
0.0
0.0
0.0
0.0
0.0
0.0
0.0
0.0
0.0
0.0
0.0
3.0
128.0
296.0
457.0
579.0
655.0
679.0
649.0
559.0
427.0
261.0
95.0
0.0
0.0
0.0
0.0
0.0
0.0
0.0
0.0
0.0
0.0
0.0
0.0
36.0
134.0
225.0
335.0
406.0
345.0
429.0
412.0
425.0
419.0
406.0
278.0
93.0
1.0
0.0
0.0
0.0
0.0
0.0
0.0
0.0
0.0
0.0
44.0
146.0
249.0
375.0
474.0
526.0
581.0
610.0
617.0
588.0
505.0
403.0
286.0
168.0
56.0
1.0
0.0
0.0
0.0
0.0
0.0
0.0
0.0
0.0
32.0
104.0
169.0
247.0
327.0
425.0
468.0
489.0
450.0
438.0
397.0
304.0
221.0
123.0
39.0
1.0
0.0
0.0
0.0
0.0
859.1
