0.0
0.0
0.0
0.0
0.0
0.0
0.0
0.0
56.0
74.0
122.0
90.0
117.0
71.0
68.0
37.0
0.0
0.0
0.0
0.0
0.0
0.0
0.0
0.0
0.0
0.0
0.0
0.0
0.0
0.0
0.0
0.0
47.0
155.0
250.0
329.0
339.0
295.0
181.0
45.0
0.0
0.0
0.0
0.0
0.0
0.0
0.0
0.0
0.0
0.0
0.0
0.0
0.0
0.0
0.0
0.0
57.0
98.0
169.0
168.0
152.0
147.0
90.0
46.0
0.0
0.0
0.0
0.0
0.0
0.0
0.0
0.0
0.0
0.0
0.0
0.0
0.0
0.0
0.0
0.0
40.0
64.0
86.0
76.0
68.0
68.0
49.0
35.0
0.0
0.0
0.0
0.0
0.0
0.0
0.0
0.0
0.0
0.0
0.0
0.0
0.0
0.0
0.0
0.0
58.0
100.0
105.0
95.0
111.0
79.0
57.0
30.0
0.0
0.0
0.0
0.0
0.0
0.0
0.0
0.0
0.0
0.0
0.0
0.0
0.0
0.0
0.0
0.0
23.0
68.0
43.0
157.0
206.0
230.0
179.0
74.0
0.0
0.0
0.0
0.0
0.0
0.0
0.0
0.0
0.0
0.0
0.0
0.0
0.0
0.0
0.0
0.0
46.0
146.0
293.0
265.0
198.0
177.0
118.0
54.0
0.0
0.0
0.0
0.0
0.0
0.0
0.0
0.0
0.0
0.0
0.0
0.0
0.0
0.0
0.0
0.0
49.0
87.0
168.0
160.0
68.0
74.0
44.0
29.0
0.0
0.0
0.0
0.0
0.0
0.0
0.0
0.0
0.0
0.0
0.0
0.0
0.0
0.0
0.0
0.0
62.0
92.0
90.0
47.0
70.0
55.0
63.0
37.0
0.0
0.0
0.0
0.0
0.0
0.0
0.0
0.0
0.0
0.0
0.0
0.0
0.0
0.0
0.0
0.0
74.0
180.0
230.0
140.0
157.0
165.0
83.0
41.0
0.0
0.0
0.0
0.0
0.0
0.0
0.0
0.0
0.0
0.0
0.0
0.0
0.0
0.0
0.0
0.0
46.0
82.0
75.0
111.0
111.0
118.0
91.0
50.0
0.0
0.0
0.0
0.0
0.0
0.0
0.0
0.0
0.0
0.0
0.0
0.0
0.0
0.0
0.0
0.0
44.0
66.0
60.0
70.0
69.0
78.0
69.0
76.0
0.0
0.0
0.0
0.0
0.0
0.0
0.0
0.0
0.0
0.0
0.0
0.0
0.0
0.0
0.0
0.0
55.0
59.0
115.0
113.0
74.0
45.0
36.0
37.0
0.0
0.0
0.0
0.0
0.0
0.0
0.0
0.0
0.0
0.0
0.0
0.0
0.0
0.0
0.0
0.0
80.0
129.0
148.0
163.0
136.0
128.0
101.0
73.0
0.0
0.0
0.0
0.0
0.0
0.0
0.0
0.0
0.0
0.0
0.0
0.0
0.0
0.0
0.0
0.0
44.0
120.0
238.0
275.0
292.0
296.0
220.0
101.0
0.0
0.0
0.0
0.0
0.0
0.0
0.0
0.0
0.0
0.0
0.0
0.0
0.0
0.0
0.0
0.0
48.0
93.0
104.0
146.0
134.0
124.0
107.0
46.0
0.0
0.0
0.0
0.0
0.0
0.0
0.0
0.0
0.0
0.0
0.0
0.0
0.0
0.0
0.0
0.0
100.0
119.0
273.0
338.0
299.0
297.0
154.0
76.0
0.0
0.0
0.0
0.0
0.0
0.0
0.0
0.0
0.0
0.0
0.0
0.0
0.0
0.0
0.0
0.0
104.0
234.0
341.0
388.0
386.0
344.0
249.0
117.0
0.0
0.0
0.0
0.0
0.0
0.0
0.0
0.0
0.0
0.0
0.0
0.0
0.0
0.0
0.0
0.0
82.0
182.0
338.0
399.0
400.0
346.0
258.0
123.0
0.0
0.0
0.0
0.0
0.0
0.0
0.0
0.0
0.0
0.0
0.0
0.0
0.0
0.0
0.0
0.0
32.0
92.0
103.0
141.0
240.0
174.0
108.0
22.0
0.0
0.0
0.0
0.0
0.0
0.0
0.0
0.0
0.0
0.0
0.0
0.0
0.0
0.0
0.0
0.0
71.0
193.0
332.0
390.0
401.0
349.0
249.0
116.0
0.0
0.0
0.0
0.0
0.0
0.0
0.0
0.0
0.0
0.0
0.0
0.0
0.0
0.0
0.0
0.0
105.0
244.0
348.0
390.0
363.0
344.0
258.0
131.0
0.0
0.0
0.0
0.0
0.0
0.0
0.0
0.0
0.0
0.0
0.0
0.0
0.0
0.0
0.0
0.0
64.0
55.0
162.0
244.0
305.0
314.0
212.0
93.0
0.0
0.0
0.0
0.0
0.0
0.0
0.0
0.0
0.0
0.0
0.0
0.0
0.0
0.0
0.0
0.0
68.0
143.0
218.0
278.0
252.0
203.0
152.0
83.0
0.0
0.0
0.0
0.0
0.0
0.0
0.0
0.0
0.0
0.0
0.0
0.0
0.0
0.0
0.0
0.0
106.0
136.0
148.0
131.0
122.0
72.0
61.0
52.0
0.0
0.0
0.0
0.0
0.0
0.0
0.0
0.0
0.0
0.0
0.0
0.0
0.0
0.0
0.0
0.0
62.0
93.0
66.0
114.0
201.0
44.0
43.0
28.0
1.0
0.0
0.0
0.0
0.0
0.0
0.0
0.0
0.0
0.0
0.0
0.0
0.0
0.0
0.0
0.0
61.0
109.0
133.0
84.0
162.0
73.0
126.0
30.0
4.0
0.0
0.0
0.0
0.0
0.0
0.0
0.0
0.0
0.0
0.0
0.0
0.0
0.0
0.0
0.0
49.0
65.0
58.0
86.0
75.0
119.0
75.0
55.0
2.0
0.0
0.0
0.0
0.0
0.0
0.0
0.0
0.0
0.0
0.0
0.0
0.0
0.0
0.0
0.0
67.0
99.0
188.0
131.0
170.0
80.0
82.0
39.0
3.0
0.0
0.0
0.0
0.0
0.0
0.0
0.0
0.0
0.0
0.0
0.0
0.0
0.0
0.0
0.0
67.0
275.0
372.0
349.0
289.0
249.0
276.0
163.0
13.0
0.0
0.0
0.0
0.0
0.0
0.0
0.0
0.0
0.0
0.0
0.0
0.0
0.0
0.0
0.0
143.0
232.0
227.0
263.0
192.0
130.0
145.0
122.0
8.0
0.0
0.0
0.0
0.0
0.0
0.0
0.0
0.0
0.0
0.0
0.0
0.0
0.0
0.0
0.0
59.0
69.0
58.0
96.0
90.0
227.0
127.0
80.0
15.0
0.0
0.0
0.0
0.0
0.0
0.0
0.0
0.0
0.0
0.0
0.0
0.0
0.0
0.0
0.0
146.0
205.0
66.0
274.0
420.0
378.0
262.0
154.0
16.0
0.0
0.0
0.0
0.0
0.0
0.0
0.0
0.0
0.0
0.0
0.0
0.0
0.0
0.0
5.0
148.0
293.0
397.0
471.0
477.0
419.0
321.0
187.0
41.0
0.0
0.0
0.0
0.0
0.0
0.0
0.0
0.0
0.0
0.0
0.0
0.0
0.0
0.0
5.0
37.0
47.0
58.0
70.0
104.0
97.0
78.0
86.0
16.0
0.0
0.0
0.0
0.0
0.0
0.0
0.0
0.0
0.0
0.0
0.0
0.0
0.0
0.0
8.0
112.0
172.0
226.0
291.0
197.0
199.0
135.0
93.0
40.0
0.0
0.0
0.0
0.0
0.0
0.0
0.0
0.0
0.0
0.0
0.0
0.0
0.0
0.0
9.0
41.0
146.0
261.0
228.0
397.0
52.0
52.0
137.0
40.0
0.0
0.0
0.0
0.0
0.0
0.0
0.0
0.0
0.0
0.0
0.0
0.0
0.0
0.0
9.0
172.0
320.0
431.0
488.0
494.0
445.0
342.0
204.0
52.0
0.0
0.0
0.0
0.0
0.0
0.0
0.0
0.0
0.0
0.0
0.0
0.0
0.0
0.0
11.0
177.0
323.0
431.0
495.0
494.0
453.0
347.0
212.0
55.0
0.0
0.0
0.0
0.0
0.0
0.0
0.0
0.0
0.0
0.0
0.0
0.0
0.0
0.0
12.0
176.0
322.0
429.0
487.0
499.0
448.0
350.0
214.0
58.0
0.0
0.0
0.0
0.0
0.0
0.0
0.0
0.0
0.0
0.0
0.0
0.0
0.0
0.0
15.0
175.0
316.0
424.0
489.0
495.0
438.0
349.0
217.0
62.0
0.0
0.0
0.0
0.0
0.0
0.0
0.0
0.0
0.0
0.0
0.0
0.0
0.0
0.0
19.0
112.0
163.0
157.0
216.0
387.0
443.0
344.0
214.0
64.0
0.0
0.0
0.0
0.0
0.0
0.0
0.0
0.0
0.0
0.0
0.0
0.0
0.0
0.0
19.0
0.0
0.0
0.0
0.0
496.0
457.0
355.0
224.0
71.0
0.0
0.0
0.0
0.0
0.0
0.0
0.0
0.0
0.0
0.0
0.0
0.0
0.0
0.0
19.0
184.0
327.0
440.0
511.0
518.0
475.0
0.0
237.0
79.0
0.0
0.0
0.0
0.0
0.0
0.0
0.0
0.0
0.0
0.0
0.0
0.0
0.0
0.0
19.0
200.0
345.0
453.0
516.0
529.0
488.0
381.0
238.0
82.0
0.0
0.0
0.0
0.0
0.0
0.0
0.0
0.0
0.0
0.0
0.0
0.0
0.0
0.0
22.0
195.0
339.0
447.0
509.0
513.0
469.0
352.0
176.0
56.0
0.0
0.0
0.0
0.0
0.0
0.0
0.0
0.0
0.0
0.0
0.0
0.0
0.0
0.0
32.0
101.0
166.0
214.0
248.0
297.0
496.0
389.0
252.0
93.0
0.0
0.0
0.0
0.0
0.0
0.0
0.0
0.0
0.0
0.0
0.0
0.0
0.0
0.0
59.0
213.0
361.0
469.0
527.0
537.0
500.0
395.0
256.0
97.0
0.0
0.0
0.0
0.0
0.0
0.0
0.0
0.0
0.0
0.0
0.0
0.0
0.0
0.0
52.0
146.0
278.0
463.0
534.0
544.0
504.0
402.0
261.0
98.0
0.0
0.0
0.0
0.0
0.0
0.0
0.0
0.0
0.0
0.0
0.0
0.0
0.0
0.0
65.0
224.0
376.0
489.0
551.0
567.0
520.0
413.0
272.0
106.0
0.0
0.0
0.0
0.0
0.0
0.0
0.0
0.0
0.0
0.0
0.0
0.0
0.0
0.0
54.0
143.0
247.0
403.0
299.0
83.0
57.0
79.0
69.0
34.0
0.0
0.0
0.0
0.0
0.0
0.0
0.0
0.0
0.0
0.0
0.0
0.0
0.0
0.0
68.0
107.0
132.0
170.0
152.0
205.0
116.0
228.0
95.0
92.0
0.0
0.0
0.0
0.0
0.0
0.0
0.0
0.0
0.0
0.0
0.0
0.0
0.0
0.0
78.0
241.0
388.0
499.0
563.0
573.0
501.0
426.0
281.0
115.0
0.0
0.0
0.0
0.0
0.0
0.0
0.0
0.0
0.0
0.0
0.0
0.0
0.0
0.0
85.0
249.0
394.0
507.0
559.0
572.0
517.0
425.0
289.0
122.0
0.0
0.0
0.0
0.0
0.0
0.0
0.0
0.0
0.0
0.0
0.0
0.0
0.0
0.0
90.0
253.0
401.0
512.0
570.0
579.0
533.0
434.0
291.0
126.0
0.0
0.0
0.0
0.0
0.0
0.0
0.0
0.0
0.0
0.0
0.0
0.0
0.0
0.0
89.0
223.0
326.0
437.0
486.0
491.0
486.0
429.0
283.0
131.0
0.0
0.0
0.0
0.0
0.0
0.0
0.0
0.0
0.0
0.0
0.0
0.0
0.0
0.0
86.0
244.0
405.0
517.0
565.0
577.0
534.0
285.0
113.0
28.0
0.0
0.0
0.0
0.0
0.0
0.0
0.0
0.0
0.0
0.0
0.0
0.0
0.0
0.0
30.0
215.0
126.0
191.0
491.0
64.0
79.0
185.0
193.0
88.0
0.0
0.0
0.0
0.0
0.0
0.0
0.0
0.0
0.0
0.0
0.0
0.0
0.0
0.0
107.0
179.0
344.0
429.0
186.0
107.0
193.0
158.0
174.0
93.0
0.0
0.0
0.0
0.0
0.0
0.0
0.0
0.0
0.0
0.0
0.0
0.0
0.0
0.0
0.0
0.0
0.0
0.0
0.0
0.0
0.0
0.0
0.0
0.0
0.0
0.0
0.0
0.0
0.0
0.0
0.0
0.0
0.0
0.0
0.0
0.0
0.0
0.0
49.0
133.0
166.0
350.0
424.0
469.0
468.0
405.0
287.0
132.0
0.0
0.0
0.0
0.0
0.0
0.0
0.0
0.0
0.0
0.0
0.0
0.0
0.0
0.0
11.0
42.0
72.0
89.0
133.0
151.0
106.0
143.0
153.0
63.0
0.0
0.0
0.0
0.0
0.0
0.0
0.0
0.0
0.0
0.0
0.0
0.0
0.0
0.0
24.0
201.0
170.0
267.0
415.0
563.0
446.0
336.0
124.0
124.0
0.0
0.0
0.0
0.0
0.0
0.0
0.0
0.0
0.0
0.0
0.0
0.0
0.0
0.0
28.0
135.0
445.0
556.0
588.0
555.0
405.0
446.0
0.0
0.0
0.0
0.0
0.0
0.0
0.0
0.0
0.0
0.0
0.0
0.0
0.0
0.0
0.0
0.0
0.0
0.0
0.0
0.0
0.0
0.0
0.0
0.0
0.0
0.0
8.0
0.0
0.0
0.0
0.0
0.0
0.0
0.0
0.0
0.0
0.0
0.0
0.0
0.0
81.0
187.0
197.0
302.0
374.0
394.0
432.0
312.0
229.0
63.0
10.0
0.0
0.0
0.0
0.0
0.0
0.0
0.0
0.0
0.0
0.0
0.0
0.0
0.0
84.0
164.0
334.0
580.0
650.0
651.0
544.0
481.0
323.0
157.0
12.0
0.0
0.0
0.0
0.0
0.0
0.0
0.0
0.0
0.0
0.0
0.0
0.0
0.0
157.0
313.0
431.0
442.0
404.0
365.0
399.0
270.0
254.0
139.0
11.0
0.0
0.0
0.0
0.0
0.0
0.0
0.0
0.0
0.0
0.0
0.0
0.0
5.0
98.0
288.0
424.0
338.0
235.0
267.0
281.0
117.0
85.0
28.0
9.0
0.0
0.0
0.0
0.0
0.0
0.0
0.0
0.0
0.0
0.0
0.0
0.0
3.0
168.0
283.0
490.0
144.0
137.0
149.0
341.0
102.0
86.0
124.0
14.0
0.0
0.0
0.0
0.0
0.0
0.0
0.0
0.0
0.0
0.0
0.0
0.0
10.0
47.0
254.0
216.0
349.0
259.0
188.0
134.0
51.0
102.0
147.0
23.0
0.0
0.0
0.0
0.0
0.0
0.0
0.0
0.0
0.0
0.0
0.0
0.0
13.0
173.0
202.0
272.0
308.0
656.0
504.0
580.0
510.0
259.0
108.0
13.0
0.0
0.0
0.0
0.0
0.0
0.0
0.0
0.0
0.0
0.0
0.0
0.0
15.0
156.0
313.0
513.0
490.0
669.0
656.0
611.0
514.0
369.0
207.0
36.0
0.0
0.0
0.0
0.0
0.0
0.0
0.0
0.0
0.0
0.0
0.0
0.0
17.0
195.0
375.0
514.0
575.0
599.0
601.0
409.0
515.0
317.0
162.0
32.0
0.0
0.0
0.0
0.0
0.0
0.0
0.0
0.0
0.0
0.0
0.0
0.0
20.0
114.0
178.0
217.0
382.0
130.0
342.0
166.0
100.0
62.0
82.0
4.0
0.0
0.0
0.0
0.0
0.0
0.0
0.0
0.0
0.0
0.0
0.0
0.0
20.0
52.0
71.0
63.0
116.0
136.0
68.0
125.0
137.0
114.0
88.0
35.0
0.0
0.0
0.0
0.0
0.0
0.0
0.0
0.0
0.0
0.0
0.0
0.0
26.0
208.0
358.0
341.0
307.0
405.0
554.0
536.0
436.0
258.0
194.0
52.0
0.0
0.0
0.0
0.0
0.0
0.0
0.0
0.0
0.0
0.0
0.0
0.0
51.0
0.0
399.0
556.0
572.0
591.0
326.0
424.0
319.0
355.0
107.0
41.0
0.0
0.0
0.0
0.0
0.0
0.0
0.0
0.0
0.0
0.0
0.0
0.0
58.0
236.0
407.0
426.0
585.0
554.0
453.0
522.0
501.0
408.0
213.0
63.0
0.0
0.0
0.0
0.0
0.0
0.0
0.0
0.0
0.0
0.0
0.0
0.0
13.0
41.0
56.0
95.0
102.0
109.0
123.0
116.0
92.0
63.0
93.0
20.0
0.0
0.0
0.0
0.0
0.0
0.0
0.0
0.0
0.0
0.0
0.0
0.0
66.0
199.0
404.0
335.0
592.0
213.0
289.0
328.0
200.0
46.0
115.0
26.0
0.0
0.0
0.0
0.0
0.0
0.0
0.0
0.0
0.0
0.0
0.0
0.0
37.0
103.0
250.0
280.0
217.0
663.0
401.0
187.0
217.0
236.0
208.0
49.0
0.0
0.0
0.0
0.0
0.0
0.0
0.0
0.0
0.0
0.0
0.0
0.0
51.0
132.0
299.0
344.0
298.0
279.0
221.0
254.0
333.0
104.0
144.0
19.0
0.0
0.0
0.0
0.0
0.0
0.0
0.0
0.0
0.0
0.0
0.0
0.0
52.0
113.0
361.0
372.0
530.0
614.0
541.0
312.0
238.0
305.0
195.0
57.0
0.0
0.0
0.0
0.0
0.0
0.0
0.0
0.0
0.0
0.0
0.0
0.0
61.0
148.0
235.0
477.0
576.0
594.0
629.0
540.0
533.0
154.0
123.0
39.0
0.0
0.0
0.0
0.0
0.0
0.0
0.0
0.0
0.0
0.0
0.0
0.0
78.0
166.0
403.0
578.0
536.0
754.0
761.0
699.0
602.0
432.0
254.0
74.0
0.0
0.0
0.0
0.0
0.0
0.0
0.0
0.0
0.0
0.0
0.0
0.0
102.0
284.0
462.0
610.0
715.0
696.0
662.0
581.0
331.0
167.0
123.0
46.0
0.0
0.0
0.0
0.0
0.0
0.0
0.0
0.0
0.0
0.0
0.0
0.0
100.0
287.0
467.0
625.0
731.0
783.0
773.0
714.0
613.0
461.0
197.0
95.0
0.0
0.0
0.0
0.0
0.0
0.0
0.0
0.0
0.0
0.0
0.0
0.0
113.0
295.0
466.0
502.0
624.0
633.0
698.0
579.0
379.0
284.0
202.0
59.0
0.0
0.0
0.0
0.0
0.0
0.0
0.0
0.0
0.0
0.0
0.0
0.0
59.0
82.0
177.0
274.0
222.0
362.0
309.0
281.0
216.0
207.0
163.0
49.0
0.0
0.0
0.0
0.0
0.0
0.0
0.0
0.0
0.0
0.0
0.0
0.0
113.0
267.0
429.0
589.0
713.0
770.0
750.0
717.0
593.0
438.0
275.0
97.0
0.0
0.0
0.0
0.0
0.0
0.0
0.0
0.0
0.0
0.0
0.0
0.0
120.0
309.0
482.0
633.0
744.0
818.0
800.0
735.0
613.0
476.0
277.0
91.0
0.0
0.0
0.0
0.0
0.0
0.0
0.0
0.0
0.0
0.0
0.0
0.0
91.0
154.0
244.0
598.0
614.0
563.0
635.0
609.0
340.0
234.0
43.0
12.0
0.0
0.0
0.0
0.0
0.0
0.0
0.0
0.0
0.0
0.0
0.0
0.0
91.0
89.0
93.0
275.0
191.0
235.0
423.0
614.0
395.0
185.0
146.0
62.0
0.0
0.0
0.0
0.0
0.0
0.0
0.0
0.0
0.0
0.0
0.0
0.0
93.0
128.0
130.0
300.0
457.0
510.0
454.0
329.0
197.0
134.0
122.0
53.0
0.0
0.0
0.0
0.0
0.0
0.0
0.0
0.0
0.0
0.0
0.0
0.0
75.0
188.0
323.0
530.0
726.0
772.0
811.0
757.0
613.0
449.0
260.0
52.0
0.0
0.0
0.0
0.0
0.0
0.0
0.0
0.0
0.0
0.0
0.0
0.0
98.0
42.0
63.0
110.0
94.0
393.0
411.0
338.0
254.0
230.0
129.0
72.0
0.0
0.0
0.0
0.0
0.0
0.0
0.0
0.0
0.0
0.0
0.0
0.0
56.0
78.0
129.0
202.0
142.0
108.0
217.0
189.0
97.0
463.0
284.0
125.0
0.0
0.0
0.0
0.0
0.0
0.0
0.0
0.0
0.0
0.0
0.0
0.0
57.0
218.0
299.0
488.0
673.0
451.0
435.0
442.0
243.0
284.0
226.0
89.0
0.0
0.0
0.0
0.0
0.0
0.0
0.0
0.0
0.0
0.0
0.0
6.0
171.0
361.0
531.0
505.0
230.0
445.0
506.0
145.0
144.0
77.0
49.0
26.0
0.0
0.0
0.0
0.0
0.0
0.0
0.0
0.0
0.0
0.0
0.0
1.0
39.0
70.0
220.0
390.0
585.0
733.0
811.0
714.0
650.0
416.0
189.0
85.0
0.0
0.0
0.0
0.0
0.0
0.0
0.0
0.0
0.0
0.0
0.0
4.0
80.0
247.0
197.0
199.0
162.0
341.0
136.0
171.0
166.0
220.0
85.0
75.0
0.0
0.0
0.0
0.0
0.0
0.0
0.0
0.0
0.0
0.0
0.0
12.0
103.0
179.0
0.0
432.0
315.0
210.0
168.0
230.0
114.0
139.0
102.0
89.0
0.0
0.0
0.0
0.0
0.0
0.0
0.0
0.0
0.0
0.0
0.0
7.0
51.0
165.0
121.0
311.0
215.0
188.0
173.0
177.0
144.0
124.0
68.0
42.0
0.0
0.0
0.0
0.0
0.0
0.0
0.0
0.0
0.0
0.0
0.0
3.0
50.0
62.0
108.0
154.0
169.0
156.0
196.0
165.0
144.0
96.0
54.0
44.0
0.0
0.0
0.0
0.0
0.0
0.0
0.0
0.0
0.0
0.0
0.0
16.0
0.0
168.0
364.0
462.0
584.0
531.0
385.0
393.0
385.0
251.0
102.0
49.0
0.0
0.0
0.0
0.0
0.0
0.0
0.0
0.0
0.0
0.0
0.0
22.0
202.0
396.0
558.0
688.0
809.0
882.0
682.0
758.0
632.0
463.0
351.0
163.0
0.0
0.0
0.0
0.0
0.0
0.0
0.0
0.0
0.0
0.0
0.0
8.0
78.0
107.0
385.0
718.0
768.0
827.0
839.0
714.0
261.0
412.0
263.0
99.0
6.0
0.0
0.0
0.0
0.0
0.0
0.0
0.0
0.0
0.0
0.0
24.0
40.0
144.0
252.0
327.0
322.0
526.0
576.0
529.0
368.0
546.0
277.0
23.0
3.0
0.0
0.0
0.0
0.0
0.0
0.0
0.0
0.0
0.0
0.0
17.0
42.0
145.0
282.0
584.0
819.0
788.0
109.0
533.0
687.0
536.0
345.0
131.0
6.0
0.0
0.0
0.0
0.0
0.0
0.0
0.0
0.0
0.0
0.0
32.0
224.0
387.0
488.0
501.0
415.0
719.0
507.0
445.0
168.0
122.0
42.0
51.0
9.0
0.0
0.0
0.0
0.0
0.0
0.0
0.0
0.0
0.0
0.0
17.0
157.0
219.0
416.0
124.0
743.0
651.0
890.0
360.0
136.0
486.0
287.0
138.0
10.0
0.0
0.0
0.0
0.0
0.0
0.0
0.0
0.0
0.0
0.0
16.0
107.0
160.0
281.0
630.0
742.0
813.0
836.0
474.0
245.0
149.0
71.0
28.0
2.0
0.0
0.0
0.0
0.0
0.0
0.0
0.0
0.0
0.0
0.0
65.0
47.0
186.0
368.0
394.0
421.0
436.0
519.0
674.0
458.0
86.0
88.0
24.0
11.0
0.0
0.0
0.0
0.0
0.0
0.0
0.0
0.0
0.0
0.0
43.0
158.0
403.0
500.0
549.0
334.0
376.0
232.0
489.0
282.0
165.0
115.0
47.0
14.0
0.0
0.0
0.0
0.0
0.0
0.0
0.0
0.0
0.0
0.0
33.0
55.0
106.0
294.0
406.0
438.0
458.0
404.0
475.0
446.0
527.0
376.0
191.0
16.0
0.0
0.0
0.0
0.0
0.0
0.0
0.0
0.0
0.0
0.0
66.0
182.0
413.0
373.0
596.0
754.0
805.0
852.0
777.0
640.0
518.0
192.0
32.0
16.0
0.0
0.0
0.0
0.0
0.0
0.0
0.0
0.0
0.0
0.0
48.0
234.0
424.0
576.0
762.0
612.0
866.0
657.0
498.0
355.0
288.0
149.0
178.0
20.0
0.0
0.0
0.0
0.0
0.0
0.0
0.0
0.0
0.0
0.0
16.0
59.0
118.0
600.0
726.0
830.0
870.0
847.0
376.0
325.0
126.0
156.0
86.0
20.0
0.0
0.0
0.0
0.0
0.0
0.0
0.0
0.0
0.0
0.0
60.0
107.0
324.0
243.0
299.0
623.0
638.0
329.0
526.0
329.0
547.0
244.0
115.0
20.0
0.0
0.0
0.0
0.0
0.0
0.0
0.0
0.0
0.0
0.0
80.0
250.0
441.0
607.0
754.0
843.0
879.0
884.0
807.0
692.0
527.0
366.0
191.0
22.0
0.0
0.0
0.0
0.0
0.0
0.0
0.0
0.0
0.0
0.0
80.0
252.0
437.0
591.0
716.0
832.0
881.0
877.0
810.0
661.0
556.0
388.0
196.0
24.0
0.0
0.0
0.0
0.0
0.0
0.0
0.0
0.0
0.0
0.0
15.0
70.0
78.0
80.0
115.0
80.0
87.0
101.0
91.0
211.0
220.0
193.0
168.0
25.0
0.0
0.0
0.0
0.0
0.0
0.0
0.0
0.0
0.0
0.0
60.0
137.0
313.0
510.0
742.0
845.0
890.0
886.0
827.0
720.0
565.0
388.0
206.0
27.0
0.0
0.0
0.0
0.0
0.0
0.0
0.0
0.0
0.0
0.0
98.0
273.0
450.0
608.0
754.0
839.0
879.0
855.0
808.0
707.0
566.0
397.0
211.0
48.0
0.0
0.0
0.0
0.0
0.0
0.0
0.0
0.0
0.0
0.0
92.0
261.0
446.0
623.0
765.0
861.0
896.0
882.0
784.0
717.0
564.0
374.0
198.0
40.0
0.0
0.0
0.0
0.0
0.0
0.0
0.0
0.0
0.0
0.0
101.0
255.0
339.0
416.0
757.0
856.0
876.0
829.0
753.0
591.0
453.0
288.0
181.0
44.0
0.0
0.0
0.0
0.0
0.0
0.0
0.0
0.0
0.0
0.0
42.0
150.0
267.0
588.0
744.0
841.0
875.0
833.0
770.0
685.0
561.0
391.0
211.0
48.0
0.0
0.0
0.0
0.0
0.0
0.0
0.0
0.0
0.0
0.0
111.0
283.0
464.0
619.0
725.0
851.0
879.0
860.0
809.0
733.0
569.0
400.0
215.0
50.0
0.0
0.0
0.0
0.0
0.0
0.0
0.0
0.0
0.0
0.0
75.0
232.0
428.0
488.0
585.0
563.0
493.0
530.0
588.0
612.0
220.0
306.0
88.0
35.0
0.0
0.0
0.0
0.0
0.0
0.0
0.0
0.0
0.0
0.0
97.0
258.0
435.0
585.0
715.0
780.0
715.0
684.0
476.0
274.0
103.0
284.0
37.0
22.0
0.0
0.0
0.0
0.0
0.0
0.0
0.0
0.0
0.0
0.0
91.0
128.0
318.0
246.0
140.0
128.0
409.0
493.0
597.0
293.0
144.0
44.0
90.0
29.0
0.0
0.0
0.0
0.0
0.0
0.0
0.0
0.0
0.0
0.0
82.0
282.0
376.0
547.0
745.0
883.0
922.0
912.0
858.0
722.0
555.0
407.0
221.0
52.0
0.0
0.0
0.0
0.0
0.0
0.0
0.0
0.0
0.0
0.0
24.0
161.0
349.0
393.0
223.0
274.0
200.0
117.0
109.0
107.0
93.0
76.0
34.0
25.0
0.0
0.0
0.0
0.0
0.0
0.0
0.0
0.0
0.0
0.0
121.0
300.0
466.0
479.0
396.0
864.0
470.0
149.0
308.0
728.0
472.0
276.0
196.0
20.0
0.0
0.0
0.0
0.0
0.0
0.0
0.0
0.0
0.0
0.0
126.0
305.0
485.0
333.0
526.0
524.0
907.0
815.0
745.0
610.0
596.0
423.0
244.0
78.0
0.0
0.0
0.0
0.0
0.0
0.0
0.0
0.0
0.0
0.0
132.0
301.0
473.0
626.0
764.0
850.0
882.0
859.0
800.0
666.0
468.0
288.0
109.0
7.0
0.0
0.0
0.0
0.0
0.0
0.0
0.0
0.0
0.0
0.0
139.0
315.0
498.0
661.0
806.0
891.0
930.0
911.0
816.0
740.0
483.0
403.0
243.0
84.0
0.0
0.0
0.0
0.0
0.0
0.0
0.0
0.0
0.0
0.0
63.0
218.0
268.0
427.0
514.0
849.0
492.0
191.0
409.0
701.0
551.0
337.0
171.0
34.0
0.0
0.0
0.0
0.0
0.0
0.0
0.0
0.0
0.0
1.0
49.0
212.0
271.0
494.0
761.0
865.0
892.0
662.0
662.0
598.0
584.0
427.0
252.0
83.0
0.0
0.0
0.0
0.0
0.0
0.0
0.0
0.0
0.0
6.0
109.0
314.0
492.0
652.0
793.0
881.0
945.0
900.0
849.0
757.0
306.0
391.0
151.0
52.0
0.0
0.0
0.0
0.0
0.0
0.0
0.0
0.0
0.0
6.0
128.0
169.0
205.0
577.0
620.0
739.0
688.0
830.0
818.0
727.0
510.0
38.0
55.0
81.0
0.0
0.0
0.0
0.0
0.0
0.0
0.0
0.0
0.0
8.0
61.0
248.0
479.0
564.0
752.0
864.0
872.0
882.0
847.0
748.0
590.0
399.0
201.0
83.0
0.0
0.0
0.0
0.0
0.0
0.0
0.0
0.0
0.0
9.0
146.0
322.0
496.0
640.0
773.0
858.0
876.0
759.0
810.0
727.0
597.0
426.0
255.0
98.0
0.0
0.0
0.0
0.0
0.0
0.0
0.0
0.0
0.0
9.0
151.0
327.0
507.0
668.0
815.0
910.0
949.0
930.0
869.0
764.0
621.0
448.0
265.0
94.0
0.0
0.0
0.0
0.0
0.0
0.0
0.0
0.0
0.0
10.0
143.0
315.0
495.0
659.0
787.0
869.0
843.0
888.0
766.0
509.0
259.0
215.0
23.0
26.0
0.0
0.0
0.0
0.0
0.0
0.0
0.0
0.0
0.0
3.0
14.0
133.0
52.0
98.0
292.0
150.0
200.0
114.0
775.0
320.0
330.0
279.0
96.0
96.0
0.0
0.0
0.0
0.0
0.0
0.0
0.0
0.0
0.0
12.0
165.0
341.0
523.0
682.0
813.0
916.0
966.0
967.0
890.0
772.0
619.0
445.0
284.0
55.0
0.0
0.0
0.0
0.0
0.0
0.0
0.0
0.0
0.0
13.0
160.0
330.0
497.0
659.0
816.0
910.0
939.0
930.0
875.0
775.0
632.0
458.0
276.0
107.0
0.0
0.0
0.0
0.0
0.0
0.0
0.0
0.0
0.0
14.0
159.0
333.0
516.0
677.0
819.0
914.0
948.0
934.0
874.0
694.0
595.0
384.0
272.0
72.0
0.0
0.0
0.0
0.0
0.0
0.0
0.0
0.0
0.0
14.0
110.0
51.0
221.0
103.0
226.0
329.0
234.0
153.0
112.0
100.0
90.0
68.0
47.0
17.0
0.0
0.0
0.0
0.0
0.0
0.0
0.0
0.0
0.0
11.0
38.0
69.0
89.0
181.0
252.0
160.0
384.0
419.0
370.0
110.0
258.0
240.0
119.0
36.0
0.0
0.0
0.0
0.0
0.0
0.0
0.0
0.0
0.0
12.0
70.0
41.0
198.0
326.0
403.0
181.0
125.0
106.0
100.0
142.0
82.0
94.0
53.0
20.0
0.0
0.0
0.0
0.0
0.0
0.0
0.0
0.0
0.0
17.0
164.0
287.0
348.0
483.0
612.0
494.0
824.0
798.0
811.0
528.0
555.0
282.0
162.0
13.0
0.0
0.0
0.0
0.0
0.0
0.0
0.0
0.0
0.0
7.0
31.0
125.0
72.0
164.0
279.0
262.0
135.0
141.0
165.0
136.0
136.0
102.0
62.0
15.0
0.0
0.0
0.0
0.0
0.0
0.0
0.0
0.0
0.0
2.0
14.0
48.0
72.0
120.0
278.0
147.0
171.0
161.0
100.0
128.0
70.0
51.0
45.0
30.0
0.0
0.0
0.0
0.0
0.0
0.0
0.0
0.0
0.0
16.0
52.0
42.0
108.0
96.0
142.0
150.0
249.0
167.0
132.0
127.0
65.0
63.0
32.0
22.0
0.0
0.0
0.0
0.0
0.0
0.0
0.0
0.0
0.0
2.0
23.0
30.0
114.0
193.0
297.0
423.0
386.0
455.0
628.0
428.0
157.0
104.0
67.0
71.0
0.0
0.0
0.0
0.0
0.0
0.0
0.0
0.0
0.0
18.0
119.0
125.0
269.0
319.0
323.0
182.0
261.0
280.0
122.0
95.0
199.0
274.0
177.0
78.0
0.0
0.0
0.0
0.0
0.0
0.0
0.0
0.0
0.0
19.0
147.0
164.0
385.0
629.0
663.0
890.0
894.0
923.0
866.0
731.0
544.0
47.0
26.0
81.0
0.0
0.0
0.0
0.0
0.0
0.0
0.0
0.0
0.0
19.0
27.0
55.0
443.0
109.0
0.0
785.0
153.0
152.0
680.0
507.0
103.0
257.0
180.0
21.0
0.0
0.0
0.0
0.0
0.0
0.0
0.0
0.0
0.0
7.0
160.0
135.0
207.0
425.0
576.0
829.0
885.0
441.0
647.0
441.0
421.0
91.0
105.0
25.0
0.0
0.0
0.0
0.0
0.0
0.0
0.0
0.0
0.0
19.0
136.0
222.0
363.0
522.0
599.0
881.0
951.0
929.0
882.0
770.0
591.0
462.0
288.0
78.0
0.0
0.0
0.0
0.0
0.0
0.0
0.0
0.0
0.0
19.0
173.0
345.0
521.0
663.0
715.0
898.0
949.0
943.0
838.0
711.0
549.0
374.0
130.0
30.0
1.0
0.0
0.0
0.0
0.0
0.0
0.0
0.0
0.0
19.0
142.0
211.0
393.0
432.0
689.0
822.0
883.0
883.0
763.0
599.0
468.0
368.0
288.0
131.0
4.0
0.0
0.0
0.0
0.0
0.0
0.0
0.0
0.0
18.0
69.0
142.0
220.0
445.0
329.0
157.0
238.0
297.0
157.0
209.0
228.0
150.0
87.0
41.0
3.0
0.0
0.0
0.0
0.0
0.0
0.0
0.0
0.0
14.0
39.0
46.0
55.0
201.0
147.0
125.0
145.0
160.0
146.0
155.0
105.0
88.0
27.0
18.0
2.0
0.0
0.0
0.0
0.0
0.0
0.0
0.0
0.0
11.0
40.0
99.0
84.0
204.0
167.0
138.0
612.0
800.0
817.0
628.0
586.0
247.0
148.0
12.0
1.0
0.0
0.0
0.0
0.0
0.0
0.0
0.0
0.0
16.0
119.0
328.0
464.0
606.0
819.0
914.0
956.0
945.0
875.0
782.0
639.0
415.0
295.0
136.0
8.0
0.0
0.0
0.0
0.0
0.0
0.0
0.0
0.0
19.0
168.0
342.0
506.0
640.0
774.0
888.0
923.0
903.0
668.0
669.0
530.0
85.0
159.0
67.0
1.0
0.0
0.0
0.0
0.0
0.0
0.0
0.0
0.0
19.0
63.0
225.0
354.0
670.0
811.0
901.0
947.0
942.0
891.0
780.0
631.0
480.0
305.0
143.0
7.0
0.0
0.0
0.0
0.0
0.0
0.0
0.0
0.0
18.0
157.0
328.0
505.0
668.0
809.0
894.0
940.0
941.0
885.0
779.0
644.0
480.0
302.0
140.0
7.0
0.0
0.0
0.0
0.0
0.0
0.0
0.0
0.0
19.0
168.0
337.0
505.0
664.0
800.0
884.0
930.0
920.0
866.0
763.0
624.0
462.0
269.0
120.0
8.0
0.0
0.0
0.0
0.0
0.0
0.0
0.0
0.0
17.0
147.0
318.0
494.0
657.0
801.0
890.0
942.0
932.0
873.0
773.0
643.0
477.0
305.0
139.0
8.0
0.0
0.0
0.0
0.0
0.0
0.0
0.0
0.0
16.0
43.0
168.0
347.0
610.0
678.0
670.0
866.0
814.0
319.0
435.0
448.0
81.0
185.0
83.0
7.0
0.0
0.0
0.0
0.0
0.0
0.0
0.0
0.0
16.0
87.0
278.0
434.0
608.0
758.0
848.0
893.0
894.0
796.0
685.0
334.0
152.0
74.0
77.0
7.0
0.0
0.0
0.0
0.0
0.0
0.0
0.0
0.0
12.0
84.0
229.0
339.0
543.0
750.0
839.0
904.0
901.0
848.0
586.0
505.0
450.0
277.0
81.0
8.0
0.0
0.0
0.0
0.0
0.0
0.0
0.0
0.0
15.0
155.0
210.0
491.0
593.0
791.0
881.0
933.0
924.0
856.0
759.0
631.0
478.0
300.0
132.0
6.0
0.0
0.0
0.0
0.0
0.0
0.0
0.0
0.0
16.0
161.0
328.0
496.0
640.0
765.0
856.0
913.0
919.0
852.0
767.0
639.0
476.0
302.0
137.0
8.0
0.0
0.0
0.0
0.0
0.0
0.0
0.0
0.0
16.0
157.0
325.0
497.0
658.0
795.0
891.0
919.0
920.0
853.0
760.0
625.0
424.0
27.0
12.0
1.0
0.0
0.0
0.0
0.0
0.0
0.0
0.0
0.0
8.0
14.0
72.0
127.0
532.0
768.0
869.0
931.0
908.0
851.0
726.0
617.0
406.0
197.0
126.0
7.0
0.0
0.0
0.0
0.0
0.0
0.0
0.0
0.0
16.0
169.0
343.0
521.0
691.0
818.0
910.0
954.0
951.0
901.0
808.0
666.0
498.0
317.0
148.0
9.0
0.0
0.0
0.0
0.0
0.0
0.0
0.0
0.0
15.0
128.0
312.0
492.0
616.0
712.0
857.0
939.0
926.0
757.0
655.0
324.0
280.0
151.0
70.0
9.0
0.0
0.0
0.0
0.0
0.0
0.0
0.0
0.0
5.0
14.0
72.0
98.0
83.0
88.0
78.0
123.0
156.0
115.0
118.0
98.0
57.0
121.0
90.0
6.0
0.0
0.0
0.0
0.0
0.0
0.0
0.0
0.0
5.0
14.0
141.0
176.0
542.0
557.0
393.0
693.0
438.0
463.0
660.0
537.0
406.0
154.0
75.0
2.0
0.0
0.0
0.0
0.0
0.0
0.0
0.0
0.0
12.0
149.0
332.0
510.0
662.0
785.0
879.0
917.0
875.0
848.0
774.0
641.0
484.0
307.0
138.0
8.0
0.0
0.0
0.0
0.0
0.0
0.0
0.0
0.0
12.0
143.0
319.0
498.0
653.0
791.0
892.0
931.0
929.0
881.0
781.0
640.0
478.0
310.0
134.0
6.0
0.0
0.0
0.0
0.0
0.0
0.0
0.0
0.0
11.0
140.0
317.0
497.0
657.0
792.0
893.0
932.0
935.0
868.0
761.0
641.0
479.0
300.0
132.0
6.0
0.0
0.0
0.0
0.0
0.0
0.0
0.0
0.0
11.0
130.0
298.0
479.0
637.0
778.0
873.0
921.0
915.0
803.0
87.0
101.0
135.0
136.0
110.0
6.0
0.0
0.0
0.0
0.0
0.0
0.0
0.0
0.0
8.0
118.0
273.0
460.0
617.0
0.0
847.0
885.0
864.0
507.0
69.0
81.0
62.0
54.0
97.0
7.0
0.0
0.0
0.0
0.0
0.0
0.0
0.0
0.0
2.0
127.0
295.0
462.0
604.0
706.0
770.0
833.0
817.0
698.0
554.0
183.0
123.0
162.0
83.0
5.0
0.0
0.0
0.0
0.0
0.0
0.0
0.0
0.0
8.0
128.0
295.0
476.0
642.0
776.0
871.0
926.0
929.0
872.0
777.0
637.0
474.0
297.0
125.0
5.0
0.0
0.0
0.0
0.0
0.0
0.0
0.0
0.0
6.0
121.0
292.0
479.0
643.0
782.0
874.0
923.0
927.0
880.0
780.0
632.0
470.0
290.0
125.0
0.0
0.0
0.0
0.0
0.0
0.0
0.0
0.0
0.0
6.0
120.0
290.0
456.0
619.0
762.0
857.0
895.0
899.0
848.0
756.0
615.0
430.0
256.0
112.0
0.0
0.0
0.0
0.0
0.0
0.0
0.0
0.0
0.0
4.0
112.0
282.0
468.0
626.0
762.0
872.0
927.0
926.0
868.0
770.0
633.0
471.0
289.0
124.0
0.0
0.0
0.0
0.0
0.0
0.0
0.0
0.0
0.0
5.0
132.0
257.0
467.0
634.0
772.0
874.0
929.0
928.0
871.0
768.0
624.0
461.0
285.0
121.0
0.0
0.0
0.0
0.0
0.0
0.0
0.0
0.0
0.0
0.0
123.0
296.0
476.0
633.0
772.0
864.0
924.0
933.0
876.0
776.0
634.0
410.0
189.0
85.0
0.0
0.0
0.0
0.0
0.0
0.0
0.0
0.0
0.0
0.0
123.0
295.0
461.0
615.0
747.0
837.0
886.0
880.0
781.0
624.0
571.0
106.0
45.0
35.0
0.0
0.0
0.0
0.0
0.0
0.0
0.0
0.0
0.0
0.0
72.0
168.0
366.0
442.0
629.0
526.0
322.0
373.0
458.0
599.0
371.0
205.0
40.0
83.0
0.0
0.0
0.0
0.0
0.0
0.0
0.0
0.0
0.0
0.0
109.0
278.0
462.0
628.0
761.0
854.0
909.0
884.0
388.0
170.0
401.0
47.0
25.0
16.0
0.0
0.0
0.0
0.0
0.0
0.0
0.0
0.0
0.0
0.0
46.0
122.0
263.0
603.0
764.0
857.0
913.0
912.0
851.0
753.0
516.0
440.0
249.0
71.0
0.0
0.0
0.0
0.0
0.0
0.0
0.0
0.0
0.0
0.0
108.0
279.0
461.0
614.0
749.0
846.0
886.0
876.0
826.0
718.0
601.0
390.0
154.0
93.0
0.0
0.0
0.0
0.0
0.0
0.0
0.0
0.0
0.0
0.0
65.0
236.0
454.0
619.0
747.0
839.0
899.0
908.0
838.0
587.0
428.0
386.0
169.0
18.0
0.0
0.0
0.0
0.0
0.0
0.0
0.0
0.0
0.0
0.0
102.0
265.0
448.0
612.0
739.0
800.0
711.0
871.0
590.0
616.0
432.0
440.0
222.0
75.0
0.0
0.0
0.0
0.0
0.0
0.0
0.0
0.0
0.0
0.0
82.0
62.0
125.0
488.0
730.0
821.0
880.0
879.0
833.0
728.0
607.0
440.0
271.0
105.0
0.0
0.0
0.0
0.0
0.0
0.0
0.0
0.0
0.0
0.0
78.0
227.0
303.0
602.0
732.0
847.0
898.0
903.0
850.0
755.0
603.0
371.0
204.0
101.0
0.0
0.0
0.0
0.0
0.0
0.0
0.0
0.0
0.0
0.0
103.0
265.0
427.0
593.0
731.0
832.0
887.0
887.0
831.0
737.0
547.0
437.0
258.0
96.0
0.0
0.0
0.0
0.0
0.0
0.0
0.0
0.0
0.0
0.0
83.0
247.0
441.0
600.0
731.0
823.0
873.0
863.0
827.0
742.0
556.0
429.0
250.0
105.0
0.0
0.0
0.0
0.0
0.0
0.0
0.0
0.0
0.0
0.0
86.0
98.0
405.0
587.0
724.0
821.0
599.0
470.0
694.0
216.0
63.0
56.0
50.0
37.0
0.0
0.0
0.0
0.0
0.0
0.0
0.0
0.0
0.0
0.0
27.0
26.0
52.0
54.0
66.0
81.0
94.0
112.0
139.0
229.0
331.0
86.0
94.0
94.0
0.0
0.0
0.0
0.0
0.0
0.0
0.0
0.0
0.0
0.0
10.0
204.0
425.0
611.0
751.0
842.0
776.0
808.0
855.0
717.0
596.0
444.0
270.0
97.0
0.0
0.0
0.0
0.0
0.0
0.0
0.0
0.0
0.0
0.0
101.0
273.0
455.0
615.0
752.0
853.0
901.0
891.0
838.0
746.0
603.0
439.0
262.0
95.0
0.0
0.0
0.0
0.0
0.0
0.0
0.0
0.0
0.0
0.0
100.0
264.0
441.0
618.0
756.0
866.0
915.0
914.0
847.0
725.0
599.0
424.0
257.0
86.0
0.0
0.0
0.0
0.0
0.0
0.0
0.0
0.0
0.0
0.0
8.0
23.0
101.0
207.0
65.0
74.0
102.0
113.0
74.0
70.0
114.0
253.0
259.0
88.0
0.0
0.0
0.0
0.0
0.0
0.0
0.0
0.0
0.0
0.0
35.0
68.0
282.0
319.0
455.0
755.0
882.0
852.0
824.0
741.0
590.0
437.0
250.0
74.0
0.0
0.0
0.0
0.0
0.0
0.0
0.0
0.0
0.0
0.0
85.0
261.0
429.0
604.0
746.0
847.0
895.0
904.0
850.0
751.0
601.0
430.0
257.0
82.0
0.0
0.0
0.0
0.0
0.0
0.0
0.0
0.0
0.0
0.0
84.0
249.0
425.0
597.0
734.0
834.0
886.0
891.0
828.0
743.0
594.0
426.0
255.0
83.0
0.0
0.0
0.0
0.0
0.0
0.0
0.0
0.0
0.0
0.0
79.0
234.0
405.0
574.0
718.0
790.0
849.0
839.0
801.0
695.0
545.0
311.0
139.0
66.0
0.0
0.0
0.0
0.0
0.0
0.0
0.0
0.0
0.0
0.0
49.0
87.0
84.0
112.0
161.0
102.0
446.0
397.0
676.0
544.0
181.0
142.0
30.0
34.0
0.0
0.0
0.0
0.0
0.0
0.0
0.0
0.0
0.0
0.0
27.0
21.0
105.0
301.0
287.0
146.0
148.0
99.0
110.0
64.0
51.0
41.0
32.0
16.0
0.0
0.0
0.0
0.0
0.0
0.0
0.0
0.0
0.0
0.0
29.0
31.0
70.0
66.0
64.0
97.0
101.0
78.0
101.0
139.0
111.0
74.0
72.0
32.0
0.0
0.0
0.0
0.0
0.0
0.0
0.0
0.0
0.0
0.0
21.0
39.0
64.0
158.0
402.0
789.0
711.0
756.0
666.0
661.0
212.0
146.0
109.0
38.0
0.0
0.0
0.0
0.0
0.0
0.0
0.0
0.0
0.0
0.0
25.0
70.0
159.0
287.0
638.0
574.0
832.0
821.0
818.0
659.0
515.0
306.0
217.0
59.0
0.0
0.0
0.0
0.0
0.0
0.0
0.0
0.0
0.0
0.0
24.0
89.0
184.0
496.0
669.0
789.0
839.0
838.0
794.0
697.0
553.0
395.0
185.0
58.0
0.0
0.0
0.0
0.0
0.0
0.0
0.0
0.0
0.0
0.0
58.0
212.0
368.0
554.0
687.0
640.0
839.0
833.0
734.0
533.0
536.0
367.0
208.0
39.0
0.0
0.0
0.0
0.0
0.0
0.0
0.0
0.0
0.0
0.0
5.0
110.0
370.0
502.0
604.0
590.0
752.0
746.0
707.0
438.0
464.0
311.0
169.0
47.0
0.0
0.0
0.0
0.0
0.0
0.0
0.0
0.0
0.0
0.0
27.0
136.0
380.0
551.0
689.0
792.0
829.0
818.0
724.0
147.0
423.0
299.0
156.0
21.0
0.0
0.0
0.0
0.0
0.0
0.0
0.0
0.0
0.0
0.0
5.0
21.0
71.0
82.0
213.0
133.0
139.0
164.0
136.0
61.0
57.0
64.0
52.0
17.0
0.0
0.0
0.0
0.0
0.0
0.0
0.0
0.0
0.0
0.0
54.0
183.0
399.0
569.0
708.0
822.0
866.0
854.0
777.0
638.0
535.0
345.0
167.0
13.0
0.0
0.0
0.0
0.0
0.0
0.0
0.0
0.0
0.0
0.0
51.0
199.0
323.0
551.0
691.0
786.0
836.0
848.0
779.0
679.0
540.0
367.0
193.0
12.0
0.0
0.0
0.0
0.0
0.0
0.0
0.0
0.0
0.0
0.0
37.0
189.0
362.0
553.0
638.0
680.0
854.0
865.0
798.0
696.0
549.0
374.0
182.0
21.0
0.0
0.0
0.0
0.0
0.0
0.0
0.0
0.0
0.0
0.0
18.0
29.0
39.0
169.0
174.0
419.0
322.0
262.0
365.0
252.0
146.0
100.0
180.0
19.0
0.0
0.0
0.0
0.0
0.0
0.0
0.0
0.0
0.0
0.0
25.0
30.0
52.0
70.0
99.0
70.0
541.0
376.0
445.0
455.0
97.0
47.0
59.0
14.0
0.0
0.0
0.0
0.0
0.0
0.0
0.0
0.0
0.0
0.0
23.0
181.0
319.0
455.0
526.0
765.0
722.0
710.0
559.0
653.0
509.0
319.0
69.0
4.0
0.0
0.0
0.0
0.0
0.0
0.0
0.0
0.0
0.0
0.0
22.0
200.0
373.0
470.0
660.0
787.0
833.0
843.0
768.0
663.0
532.0
61.0
105.0
8.0
0.0
0.0
0.0
0.0
0.0
0.0
0.0
0.0
0.0
0.0
21.0
192.0
372.0
539.0
677.0
773.0
818.0
819.0
758.0
611.0
433.0
329.0
135.0
3.0
0.0
0.0
0.0
0.0
0.0
0.0
0.0
0.0
0.0
0.0
20.0
183.0
355.0
527.0
670.0
774.0
828.0
829.0
766.0
655.0
510.0
330.0
158.0
10.0
0.0
0.0
0.0
0.0
0.0
0.0
0.0
0.0
0.0
0.0
19.0
123.0
335.0
499.0
432.0
716.0
584.0
682.0
606.0
594.0
445.0
74.0
135.0
7.0
0.0
0.0
0.0
0.0
0.0
0.0
0.0
0.0
0.0
0.0
11.0
114.0
297.0
480.0
596.0
741.0
793.0
797.0
724.0
617.0
474.0
299.0
139.0
0.0
0.0
0.0
0.0
0.0
0.0
0.0
0.0
0.0
0.0
0.0
15.0
148.0
214.0
291.0
543.0
356.0
729.0
311.0
233.0
142.0
270.0
98.0
102.0
0.0
0.0
0.0
0.0
0.0
0.0
0.0
0.0
0.0
0.0
0.0
9.0
42.0
35.0
82.0
65.0
208.0
157.0
81.0
77.0
117.0
87.0
164.0
93.0
0.0
0.0
0.0
0.0
0.0
0.0
0.0
0.0
0.0
0.0
0.0
4.0
77.0
57.0
104.0
178.0
116.0
180.0
127.0
122.0
95.0
67.0
38.0
21.0
0.0
0.0
0.0
0.0
0.0
0.0
0.0
0.0
0.0
0.0
0.0
12.0
158.0
331.0
500.0
636.0
736.0
788.0
783.0
716.0
617.0
440.0
232.0
102.0
0.0
0.0
0.0
0.0
0.0
0.0
0.0
0.0
0.0
0.0
0.0
8.0
111.0
283.0
494.0
547.0
714.0
785.0
770.0
728.0
478.0
272.0
238.0
104.0
0.0
0.0
0.0
0.0
0.0
0.0
0.0
0.0
0.0
0.0
0.0
7.0
163.0
339.0
507.0
635.0
748.0
805.0
795.0
738.0
624.0
475.0
310.0
130.0
0.0
0.0
0.0
0.0
0.0
0.0
0.0
0.0
0.0
0.0
0.0
7.0
169.0
346.0
517.0
660.0
765.0
819.0
816.0
745.0
629.0
475.0
300.0
123.0
0.0
0.0
0.0
0.0
0.0
0.0
0.0
0.0
0.0
0.0
0.0
5.0
158.0
335.0
504.0
648.0
743.0
791.0
784.0
726.0
618.0
455.0
289.0
116.0
0.0
0.0
0.0
0.0
0.0
0.0
0.0
0.0
0.0
0.0
0.0
0.0
148.0
321.0
485.0
629.0
714.0
756.0
757.0
693.0
579.0
444.0
275.0
104.0
0.0
0.0
0.0
0.0
0.0
0.0
0.0
0.0
0.0
0.0
0.0
0.0
123.0
202.0
373.0
624.0
721.0
727.0
707.0
382.0
291.0
225.0
72.0
94.0
0.0
0.0
0.0
0.0
0.0
0.0
0.0
0.0
0.0
0.0
0.0
0.0
80.0
282.0
453.0
469.0
471.0
601.0
686.0
528.0
341.0
191.0
67.0
83.0
0.0
0.0
0.0
0.0
0.0
0.0
0.0
0.0
0.0
0.0
0.0
0.0
51.0
52.0
264.0
292.0
394.0
167.0
169.0
120.0
223.0
319.0
68.0
38.0
0.0
0.0
0.0
0.0
0.0
0.0
0.0
0.0
0.0
0.0
0.0
0.0
83.0
269.0
481.0
632.0
731.0
778.0
774.0
706.0
583.0
428.0
264.0
90.0
0.0
0.0
0.0
0.0
0.0
0.0
0.0
0.0
0.0
0.0
0.0
0.0
57.0
145.0
238.0
521.0
314.0
462.0
230.0
570.0
102.0
73.0
138.0
20.0
0.0
0.0
0.0
0.0
0.0
0.0
0.0
0.0
0.0
0.0
0.0
0.0
33.0
187.0
266.0
366.0
674.0
241.0
299.0
173.0
104.0
116.0
141.0
40.0
0.0
0.0
0.0
0.0
0.0
0.0
0.0
0.0
0.0
0.0
0.0
0.0
50.0
119.0
140.0
253.0
213.0
427.0
559.0
331.0
396.0
262.0
136.0
52.0
0.0
0.0
0.0
0.0
0.0
0.0
0.0
0.0
0.0
0.0
0.0
0.0
130.0
303.0
467.0
618.0
705.0
734.0
736.0
672.0
547.0
410.0
238.0
66.0
0.0
0.0
0.0
0.0
0.0
0.0
0.0
0.0
0.0
0.0
0.0
0.0
118.0
250.0
364.0
373.0
306.0
599.0
594.0
358.0
252.0
283.0
105.0
39.0
0.0
0.0
0.0
0.0
0.0
0.0
0.0
0.0
0.0
0.0
0.0
0.0
29.0
217.0
100.0
232.0
377.0
275.0
380.0
545.0
332.0
138.0
147.0
43.0
0.0
0.0
0.0
0.0
0.0
0.0
0.0
0.0
0.0
0.0
0.0
0.0
27.0
47.0
82.0
69.0
113.0
100.0
119.0
79.0
86.0
46.0
70.0
8.0
0.0
0.0
0.0
0.0
0.0
0.0
0.0
0.0
0.0
0.0
0.0
0.0
91.0
163.0
169.0
520.0
335.0
557.0
579.0
183.0
257.0
242.0
121.0
40.0
0.0
0.0
0.0
0.0
0.0
0.0
0.0
0.0
0.0
0.0
0.0
0.0
57.0
172.0
284.0
299.0
306.0
438.0
372.0
137.0
214.0
182.0
76.0
30.0
0.0
0.0
0.0
0.0
0.0
0.0
0.0
0.0
0.0
0.0
0.0
0.0
57.0
159.0
435.0
579.0
633.0
708.0
711.0
528.0
512.0
373.0
188.0
34.0
0.0
0.0
0.0
0.0
0.0
0.0
0.0
0.0
0.0
0.0
0.0
0.0
85.0
234.0
325.0
521.0
652.0
705.0
689.0
613.0
517.0
366.0
197.0
35.0
0.0
0.0
0.0
0.0
0.0
0.0
0.0
0.0
0.0
0.0
0.0
0.0
97.0
0.0
448.0
559.0
665.0
670.0
505.0
598.0
519.0
300.0
160.0
19.0
0.0
0.0
0.0
0.0
0.0
0.0
0.0
0.0
0.0
0.0
0.0
0.0
87.0
242.0
374.0
552.0
597.0
624.0
690.0
619.0
516.0
360.0
184.0
17.0
0.0
0.0
0.0
0.0
0.0
0.0
0.0
0.0
0.0
0.0
0.0
0.0
95.0
267.0
427.0
561.0
646.0
691.0
682.0
611.0
500.0
348.0
177.0
15.0
0.0
0.0
0.0
0.0
0.0
0.0
0.0
0.0
0.0
0.0
0.0
0.0
62.0
129.0
192.0
327.0
650.0
703.0
688.0
606.0
503.0
352.0
175.0
12.0
0.0
0.0
0.0
0.0
0.0
0.0
0.0
0.0
0.0
0.0
0.0
0.0
80.0
246.0
395.0
558.0
648.0
686.0
664.0
590.0
428.0
317.0
143.0
10.0
0.0
0.0
0.0
0.0
0.0
0.0
0.0
0.0
0.0
0.0
0.0
0.0
77.0
166.0
129.0
263.0
334.0
454.0
348.0
339.0
221.0
219.0
64.0
7.0
0.0
0.0
0.0
0.0
0.0
0.0
0.0
0.0
0.0
0.0
0.0
0.0
45.0
213.0
339.0
476.0
594.0
632.0
594.0
430.0
319.0
177.0
94.0
6.0
0.0
0.0
0.0
0.0
0.0
0.0
0.0
0.0
0.0
0.0
0.0
0.0
41.0
146.0
312.0
497.0
509.0
549.0
417.0
376.0
245.0
148.0
68.0
0.0
0.0
0.0
0.0
0.0
0.0
0.0
0.0
0.0
0.0
0.0
0.0
0.0
19.0
83.0
84.0
93.0
132.0
431.0
408.0
165.0
137.0
126.0
67.0
0.0
0.0
0.0
0.0
0.0
0.0
0.0
0.0
0.0
0.0
0.0
0.0
0.0
46.0
193.0
284.0
498.0
594.0
615.0
613.0
517.0
426.0
279.0
113.0
0.0
0.0
0.0
0.0
0.0
0.0
0.0
0.0
0.0
0.0
0.0
0.0
0.0
31.0
88.0
222.0
448.0
567.0
630.0
541.0
441.0
310.0
202.0
66.0
0.0
0.0
0.0
0.0
0.0
0.0
0.0
0.0
0.0
0.0
0.0
0.0
0.0
40.0
128.0
198.0
317.0
471.0
634.0
604.0
488.0
415.0
263.0
114.0
0.0
0.0
0.0
0.0
0.0
0.0
0.0
0.0
0.0
0.0
0.0
0.0
0.0
48.0
51.0
160.0
293.0
410.0
399.0
295.0
302.0
350.0
161.0
63.0
0.0
0.0
0.0
0.0
0.0
0.0
0.0
0.0
0.0
0.0
0.0
0.0
0.0
17.0
82.0
293.0
77.0
400.0
560.0
446.0
319.0
205.0
89.0
91.0
0.0
0.0
0.0
0.0
0.0
0.0
0.0
0.0
0.0
0.0
0.0
0.0
0.0
23.0
128.0
182.0
176.0
265.0
351.0
170.0
88.0
204.0
27.0
77.0
0.0
0.0
0.0
0.0
0.0
0.0
0.0
0.0
0.0
0.0
0.0
0.0
0.0
52.0
163.0
322.0
481.0
330.0
493.0
309.0
305.0
152.0
81.0
83.0
0.0
0.0
0.0
0.0
0.0
0.0
0.0
0.0
0.0
0.0
0.0
0.0
0.0
25.0
159.0
275.0
231.0
373.0
197.0
230.0
256.0
167.0
96.0
55.0
0.0
0.0
0.0
0.0
0.0
0.0
0.0
0.0
0.0
0.0
0.0
0.0
0.0
26.0
97.0
154.0
207.0
226.0
228.0
163.0
149.0
100.0
114.0
54.0
0.0
0.0
0.0
0.0
0.0
0.0
0.0
0.0
0.0
0.0
0.0
0.0
0.0
24.0
96.0
111.0
104.0
185.0
190.0
185.0
160.0
150.0
137.0
68.0
0.0
0.0
0.0
0.0
0.0
0.0
0.0
0.0
0.0
0.0
0.0
0.0
0.0
22.0
24.0
47.0
88.0
51.0
87.0
53.0
55.0
238.0
173.0
68.0
0.0
0.0
0.0
0.0
0.0
0.0
0.0
0.0
0.0
0.0
0.0
0.0
0.0
19.0
79.0
156.0
92.0
75.0
77.0
133.0
357.0
282.0
213.0
86.0
0.0
0.0
0.0
0.0
0.0
0.0
0.0
0.0
0.0
0.0
0.0
0.0
0.0
18.0
188.0
316.0
483.0
595.0
633.0
338.0
99.0
63.0
65.0
36.0
0.0
0.0
0.0
0.0
0.0
0.0
0.0
0.0
0.0
0.0
0.0
0.0
0.0
17.0
57.0
209.0
401.0
550.0
534.0
403.0
146.0
112.0
160.0
64.0
0.0
0.0
0.0
0.0
0.0
0.0
0.0
0.0
0.0
0.0
0.0
0.0
0.0
15.0
30.0
104.0
111.0
89.0
141.0
372.0
53.0
33.0
29.0
6.0
0.0
0.0
0.0
0.0
0.0
0.0
0.0
0.0
0.0
0.0
0.0
0.0
0.0
12.0
89.0
159.0
219.0
133.0
158.0
109.0
125.0
73.0
23.0
31.0
0.0
0.0
0.0
0.0
0.0
0.0
0.0
0.0
0.0
0.0
0.0
0.0
0.0
11.0
98.0
193.0
259.0
320.0
209.0
337.0
147.0
76.0
90.0
32.0
0.0
0.0
0.0
0.0
0.0
0.0
0.0
0.0
0.0
0.0
0.0
0.0
0.0
11.0
175.0
334.0
471.0
561.0
597.0
576.0
501.0
376.0
211.0
52.0
0.0
0.0
0.0
0.0
0.0
0.0
0.0
0.0
0.0
0.0
0.0
0.0
0.0
9.0
153.0
311.0
451.0
520.0
533.0
493.0
342.0
302.0
110.0
38.0
0.0
0.0
0.0
0.0
0.0
0.0
0.0
0.0
0.0
0.0
0.0
0.0
0.0
7.0
153.0
267.0
436.0
507.0
531.0
512.0
375.0
322.0
82.0
27.0
0.0
0.0
0.0
0.0
0.0
0.0
0.0
0.0
0.0
0.0
0.0
0.0
0.0
5.0
23.0
32.0
71.0
85.0
76.0
47.0
64.0
81.0
59.0
12.0
0.0
0.0
0.0
0.0
0.0
0.0
0.0
0.0
0.0
0.0
0.0
0.0
0.0
0.0
117.0
199.0
186.0
438.0
521.0
434.0
432.0
252.0
129.0
31.0
0.0
0.0
0.0
0.0
0.0
0.0
0.0
0.0
0.0
0.0
0.0
0.0
0.0
0.0
86.0
57.0
298.0
205.0
339.0
370.0
386.0
221.0
139.0
19.0
0.0
0.0
0.0
0.0
0.0
0.0
0.0
0.0
0.0
0.0
0.0
0.0
0.0
0.0
26.0
38.0
70.0
106.0
70.0
60.0
63.0
36.0
26.0
13.0
0.0
0.0
0.0
0.0
0.0
0.0
0.0
0.0
0.0
0.0
0.0
0.0
0.0
0.0
84.0
0.0
124.0
362.0
468.0
466.0
420.0
306.0
162.0
14.0
0.0
0.0
0.0
0.0
0.0
0.0
0.0
0.0
0.0
0.0
0.0
0.0
0.0
0.0
34.0
165.0
295.0
399.0
480.0
399.0
394.0
284.0
100.0
12.0
0.0
0.0
0.0
0.0
0.0
0.0
0.0
0.0
0.0
0.0
0.0
0.0
0.0
0.0
120.0
271.0
384.0
457.0
516.0
495.0
418.0
303.0
161.0
11.0
0.0
0.0
0.0
0.0
0.0
0.0
0.0
0.0
0.0
0.0
0.0
0.0
0.0
0.0
108.0
86.0
146.0
88.0
192.0
142.0
81.0
123.0
21.0
1.0
0.0
0.0
0.0
0.0
0.0
0.0
0.0
0.0
0.0
0.0
0.0
0.0
0.0
0.0
119.0
263.0
385.0
462.0
500.0
477.0
410.0
293.0
148.0
7.0
0.0
0.0
0.0
0.0
0.0
0.0
0.0
0.0
0.0
0.0
0.0
0.0
0.0
0.0
56.0
143.0
306.0
340.0
406.0
268.0
183.0
83.0
129.0
7.0
0.0
0.0
0.0
0.0
0.0
0.0
0.0
0.0
0.0
0.0
0.0
0.0
0.0
0.0
111.0
255.0
377.0
458.0
461.0
365.0
364.0
287.0
135.0
0.0
0.0
0.0
0.0
0.0
0.0
0.0
0.0
0.0
0.0
0.0
0.0
0.0
0.0
0.0
56.0
139.0
314.0
395.0
472.0
462.0
343.0
142.0
72.0
0.0
0.0
0.0
0.0
0.0
0.0
0.0
0.0
0.0
0.0
0.0
0.0
0.0
0.0
0.0
77.0
217.0
318.0
328.0
475.0
462.0
404.0
287.0
126.0
0.0
0.0
0.0
0.0
0.0
0.0
0.0
0.0
0.0
0.0
0.0
0.0
0.0
0.0
0.0
98.0
226.0
249.0
387.0
479.0
458.0
340.0
278.0
130.0
0.0
0.0
0.0
0.0
0.0
0.0
0.0
0.0
0.0
0.0
0.0
0.0
0.0
0.0
0.0
50.0
48.0
67.0
71.0
133.0
181.0
147.0
164.0
50.0
0.0
0.0
0.0
0.0
0.0
0.0
0.0
0.0
0.0
0.0
0.0
0.0
0.0
0.0
0.0
36.0
34.0
80.0
89.0
79.0
103.0
62.0
74.0
53.0
0.0
0.0
0.0
0.0
0.0
0.0
0.0
0.0
0.0
0.0
0.0
0.0
0.0
0.0
0.0
84.0
87.0
72.0
72.0
93.0
138.0
61.0
95.0
67.0
0.0
0.0
0.0
0.0
0.0
0.0
0.0
0.0
0.0
0.0
0.0
0.0
0.0
0.0
0.0
53.0
104.0
63.0
99.0
109.0
205.0
347.0
233.0
56.0
0.0
0.0
0.0
0.0
0.0
0.0
0.0
0.0
0.0
0.0
0.0
0.0
0.0
0.0
0.0
37.0
128.0
102.0
196.0
208.0
118.0
113.0
112.0
42.0
0.0
0.0
0.0
0.0
0.0
0.0
0.0
0.0
0.0
0.0
0.0
0.0
0.0
0.0
0.0
14.0
58.0
67.0
88.0
54.0
242.0
334.0
255.0
113.0
0.0
0.0
0.0
0.0
0.0
0.0
0.0
0.0
0.0
0.0
0.0
0.0
0.0
0.0
0.0
70.0
161.0
186.0
406.0
454.0
438.0
366.0
250.0
109.0
0.0
0.0
0.0
0.0
0.0
0.0
0.0
0.0
0.0
0.0
0.0
0.0
0.0
0.0
0.0
50.0
118.0
156.0
179.0
252.0
396.0
351.0
237.0
96.0
0.0
0.0
0.0
0.0
0.0
0.0
0.0
0.0
0.0
0.0
0.0
0.0
0.0
0.0
0.0
37.0
84.0
64.0
92.0
114.0
250.0
232.0
120.0
58.0
0.0
0.0
0.0
0.0
0.0
0.0
0.0
0.0
0.0
0.0
0.0
0.0
0.0
0.0
0.0
36.0
84.0
80.0
229.0
416.0
415.0
353.0
232.0
96.0
0.0
0.0
0.0
0.0
0.0
0.0
0.0
0.0
0.0
0.0
0.0
0.0
0.0
0.0
0.0
22.0
44.0
81.0
249.0
321.0
385.0
339.0
227.0
91.0
0.0
0.0
0.0
0.0
0.0
0.0
0.0
0.0
0.0
0.0
0.0
0.0
0.0
0.0
0.0
40.0
99.0
135.0
178.0
365.0
412.0
344.0
233.0
95.0
0.0
0.0
0.0
0.0
0.0
0.0
0.0
0.0
0.0
0.0
0.0
0.0
0.0
0.0
0.0
27.0
96.0
85.0
140.0
208.0
371.0
325.0
211.0
76.0
0.0
0.0
0.0
0.0
0.0
0.0
0.0
0.0
0.0
0.0
0.0
0.0
0.0
0.0
0.0
26.0
112.0
145.0
204.0
393.0
408.0
336.0
224.0
85.0
0.0
0.0
0.0
0.0
0.0
0.0
0.0
0.0
0.0
0.0
0.0
0.0
0.0
0.0
0.0
19.0
188.0
302.0
387.0
423.0
399.0
328.0
218.0
80.0
0.0
0.0
0.0
0.0
0.0
0.0
0.0
0.0
0.0
0.0
0.0
0.0
0.0
0.0
0.0
17.0
185.0
299.0
383.0
418.0
402.0
332.0
215.0
82.0
0.0
0.0
0.0
0.0
0.0
0.0
0.0
0.0
0.0
0.0
0.0
0.0
0.0
0.0
0.0
16.0
168.0
291.0
370.0
403.0
387.0
254.0
141.0
43.0
0.0
0.0
0.0
0.0
0.0
0.0
0.0
0.0
0.0
0.0
0.0
0.0
0.0
0.0
0.0
14.0
166.0
282.0
364.0
393.0
375.0
302.0
191.0
61.0
0.0
0.0
0.0
0.0
0.0
0.0
0.0
0.0
0.0
0.0
0.0
0.0
0.0
0.0
0.0
15.0
161.0
263.0
342.0
378.0
323.0
213.0
158.0
71.0
0.0
0.0
0.0
0.0
0.0
0.0
0.0
0.0
0.0
0.0
0.0
0.0
0.0
0.0
0.0
16.0
139.0
263.0
328.0
365.0
344.0
293.0
184.0
68.0
0.0
0.0
0.0
0.0
0.0
0.0
0.0
0.0
0.0
0.0
0.0
0.0
0.0
0.0
0.0
12.0
143.0
279.0
361.0
397.0
375.0
307.0
197.0
66.0
0.0
0.0
0.0
0.0
0.0
0.0
0.0
0.0
0.0
0.0
0.0
0.0
0.0
0.0
0.0
13.0
88.0
137.0
222.0
278.0
177.0
108.0
86.0
25.0
0.0
0.0
0.0
0.0
0.0
0.0
0.0
0.0
0.0
0.0
0.0
0.0
0.0
0.0
0.0
11.0
78.0
100.0
147.0
259.0
299.0
270.0
175.0
54.0
0.0
0.0
0.0
0.0
0.0
0.0
0.0
0.0
0.0
0.0
0.0
0.0
0.0
0.0
0.0
10.0
122.0
234.0
312.0
345.0
312.0
261.0
131.0
59.0
0.0
0.0
0.0
0.0
0.0
0.0
0.0
0.0
0.0
0.0
0.0
0.0
0.0
0.0
0.0
6.0
79.0
138.0
304.0
375.0
359.0
296.0
189.0
57.0
0.0
0.0
0.0
0.0
0.0
0.0
0.0
0.0
0.0
0.0
0.0
0.0
0.0
0.0
0.0
8.0
134.0
233.0
311.0
246.0
267.0
186.0
168.0
54.0
0.0
0.0
0.0
0.0
0.0
0.0
0.0
0.0
0.0
0.0
0.0
0.0
0.0
0.0
0.0
6.0
113.0
159.0
293.0
373.0
340.0
283.0
180.0
54.0
0.0
0.0
0.0
0.0
0.0
0.0
0.0
0.0
0.0
0.0
0.0
0.0
0.0
0.0
0.0
0.0
77.0
159.0
326.0
326.0
318.0
237.0
135.0
48.0
0.0
0.0
0.0
0.0
0.0
0.0
0.0
0.0
0.0
0.0
0.0
0.0
0.0
0.0
0.0
0.0
114.0
144.0
159.0
344.0
347.0
289.0
163.0
53.0
0.0
0.0
0.0
0.0
0.0
0.0
0.0
0.0
0.0
0.0
0.0
0.0
0.0
0.0
0.0
0.0
105.0
85.0
144.0
298.0
215.0
106.0
56.0
50.0
0.0
0.0
0.0
0.0
0.0
0.0
0.0
0.0
0.0
0.0
0.0
0.0
0.0
0.0
0.0
0.0
26.0
139.0
136.0
109.0
101.0
70.0
68.0
33.0
0.0
0.0
0.0
0.0
0.0
0.0
0.0
0.0
0.0
0.0
0.0
0.0
0.0
0.0
0.0
0.0
27.0
55.0
116.0
182.0
87.0
103.0
70.0
35.0
0.0
0.0
0.0
0.0
0.0
0.0
0.0
0.0
0.0
0.0
0.0
0.0
0.0
0.0
0.0
0.0
57.0
31.0
116.0
168.0
227.0
55.0
64.0
40.0
0.0
0.0
0.0
0.0
0.0
0.0
0.0
0.0
0.0
0.0
0.0
0.0
0.0
0.0
0.0
0.0
62.0
113.0
149.0
172.0
126.0
69.0
62.0
24.0
0.0
0.0
0.0
0.0
0.0
0.0
0.0
0.0
0.0
0.0
0.0
0.0
0.0
0.0
0.0
0.0
59.0
71.0
122.0
126.0
55.0
107.0
48.0
36.0
0.0
0.0
0.0
0.0
0.0
0.0
0.0
0.0
0.0
0.0
0.0
0.0
0.0
0.0
0.0
0.0
102.0
223.0
313.0
349.0
333.0
277.0
173.0
49.0
0.0
0.0
0.0
0.0
0.0
0.0
0.0
0.0
0.0
0.0
0.0
0.0
0.0
0.0
0.0
0.0
67.0
127.0
152.0
155.0
127.0
136.0
85.0
28.0
0.0
0.0
0.0
0.0
0.0
0.0
0.0
0.0
0.0
0.0
0.0
0.0
0.0
0.0
0.0
0.0
74.0
129.0
250.0
235.0
298.0
264.0
105.0
40.0
0.0
0.0
0.0
0.0
0.0
0.0
0.0
0.0
0.0
0.0
0.0
0.0
0.0
0.0
0.0
0.0
52.0
121.0
208.0
310.0
202.0
264.0
156.0
45.0
0.0
0.0
0.0
0.0
0.0
0.0
0.0
0.0
0.0
0.0
0.0
0.0
0.0
0.0
0.0
0.0
32.0
43.0
65.0
52.0
43.0
138.0
94.0
38.0
0.0
0.0
0.0
0.0
0.0
0.0
0.0
0.0
0.0
0.0
0.0
0.0
0.0
0.0
0.0
0.0
68.0
163.0
72.0
76.0
56.0
66.0
44.0
21.0
0.0
0.0
0.0
0.0
0.0
0.0
0.0
0.0
0.0
0.0
0.0
0.0
0.0
0.0
0.0
0.0
65.0
94.0
190.0
162.0
138.0
50.0
67.0
43.0
0.0
0.0
0.0
0.0
0.0
0.0
0.0
0.0
0.0
0.0
0.0
0.0
0.0
0.0
0.0
0.0
37.0
115.0
163.0
71.0
47.0
24.0
159.0
31.0
0.0
0.0
0.0
0.0
0.0
0.0
0.0
0.0
0.0
0.0
0.0
0.0
0.0
0.0
0.0
0.0
41.0
108.0
106.0
64.0
41.0
81.0
52.0
7.0
0.0
0.0
0.0
0.0
0.0
0.0
0.0
0.0
0.0
0.0
0.0
0.0
0.0
0.0
0.0
0.0
60.0
124.0
105.0
98.0
72.0
148.0
83.0
26.0
0.0
0.0
0.0
0.0
0.0
0.0
0.0
0.0
0.0
0.0
0.0
0.0
0.0
0.0
0.0
0.0
49.0
120.0
119.0
139.0
66.0
127.0
41.0
20.0
0.0
0.0
0.0
0.0
0.0
0.0
0.0
0.0
0.0
0.0
0.0
0.0
0.0
0.0
0.0
0.0
59.0
91.0
132.0
123.0
48.0
54.0
53.0
35.0
0.0
0.0
0.0
0.0
0.0
0.0
0.0
0.0
0.0
0.0
0.0
0.0
0.0
0.0
0.0
0.0
43.0
84.0
56.0
101.0
29.0
49.0
46.0
33.0
0.0
0.0
0.0
0.0
0.0
0.0
0.0
0.0
0.0
0.0
0.0
0.0
0.0
0.0
0.0
0.0
12.0
61.0
109.0
67.0
68.0
113.0
31.0
24.0
0.0
0.0
0.0
0.0
0.0
0.0
0.0
0.0
0.0
0.0
0.0
0.0
0.0
0.0
0.0
0.0
11.0
61.0
100.0
57.0
61.0
32.0
20.0
4.0
0.0
0.0
0.0
0.0
0.0
0.0
0.0
0.0
0.0
0.0
0.0
0.0
0.0
0.0
0.0
0.0
39.0
61.0
88.0
118.0
150.0
128.0
83.0
33.0
0.0
0.0
0.0
0.0
0.0
0.0
0.0
0.0
0.0
0.0
0.0
0.0
0.0
0.0
0.0
0.0
52.0
168.0
58.0
220.0
131.0
229.0
104.0
38.0
0.0
0.0
0.0
0.0
0.0
0.0
0.0
0.0
0.0
0.0
0.0
0.0
0.0
0.0
0.0
0.0
86.0
207.0
293.0
335.0
330.0
271.0
178.0
57.0
0.0
0.0
0.0
0.0
0.0
0.0
0.0
0.0
0.0
0.0
0.0
0.0
0.0
0.0
0.0
0.0
82.0
201.0
289.0
328.0
326.0
273.0
178.0
58.0
0.0
0.0
0.0
0.0
0.0
0.0
0.0
0.0
0.0
0.0
0.0
0.0
0.0
0.0
0.0
0.0
73.0
185.0
255.0
286.0
292.0
251.0
174.0
55.0
0.0
0.0
0.0
0.0
0.0
0.0
0.0
0.0
0.0
0.0
0.0
0.0
0.0
0.0
0.0
0.0
46.0
93.0
77.0
105.0
206.0
147.0
114.0
33.0
0.0
0.0
0.0
0.0
0.0
0.0
0.0
0.0
0.0
0.0
0.0
0.0
0.0
0.0
0.0
0.0
55.0
163.0
285.0
212.0
183.0
140.0
73.0
34.0
0.0
0.0
0.0
0.0
0.0
0.0
0.0
0.0
0.0
0.0
0.0
0.0
0.0
0.0
0.0
0.0
63.0
131.0
194.0
76.0
215.0
160.0
26.0
35.0
0.0
0.0
0.0
0.0
0.0
0.0
0.0
0.0
0.0
0.0
0.0
0.0
0.0
0.0
0.0
0.0
55.0
82.0
114.0
98.0
79.0
111.0
30.0
5.0
0.0
0.0
0.0
0.0
0.0
0.0
0.0
0.0
0.0
960.3000000000001
