0.0
0.0
0.0
0.0
0.0
0.0
0.0
0.0
105.0
244.0
348.0
390.0
363.0
344.0
258.0
131.0
0.0
0.0
0.0
0.0
0.0
0.0
0.0
0.0
0.0
0.0
0.0
0.0
0.0
0.0
0.0
0.0
106.0
136.0
148.0
131.0
122.0
72.0
61.0
52.0
0.0
0.0
0.0
0.0
0.0
0.0
0.0
0.0
0.0
0.0
0.0
0.0
0.0
0.0
0.0
0.0
46.0
146.0
293.0
265.0
198.0
177.0
118.0
54.0
0.0
0.0
0.0
0.0
0.0
0.0
0.0
0.0
0.0
0.0
0.0
0.0
0.0
0.0
5.0
98.0
288.0
424.0
338.0
235.0
267.0
281.0
117.0
85.0
28.0
9.0
0.0
0.0
0.0
0.0
0.0
0.0
0.0
0.0
0.0
0.0
0.0
0.0
0.0
0.0
64.0
55.0
162.0
244.0
305.0
314.0
212.0
93.0
0.0
0.0
0.0
0.0
0.0
0.0
0.0
0.0
0.0
0.0
0.0
0.0
0.0
0.0
0.0
11.0
78.0
100.0
147.0
259.0
299.0
270.0
175.0
54.0
0.0
0.0
0.0
0.0
0.0
0.0
0.0
0.0
0.0
0.0
0.0
0.0
0.0
17.0
42.0
145.0
282.0
584.0
819.0
788.0
109.0
533.0
687.0
536.0
345.0
131.0
6.0
0.0
0.0
0.0
0.0
0.0
0.0
0.0
0.0
0.0
0.0
0.0
0.0
89.0
223.0
326.0
437.0
486.0
491.0
486.0
429.0
283.0
131.0
0.0
0.0
0.0
0.0
0.0
0.0
0.0
0.0
0.0
0.0
0.0
0.0
0.0
0.0
22.0
44.0
81.0
249.0
321.0
385.0
339.0
227.0
91.0
0.0
0.0
0.0
0.0
0.0
0.0
0.0
0.0
0.0
0.0
0.0
0.0
0.0
0.0
0.0
77.0
217.0
318.0
328.0
475.0
462.0
404.0
287.0
126.0
0.0
0.0
0.0
0.0
0.0
0.0
0.0
0.0
0.0
0.0
0.0
0.0
0.0
0.0
95.0
267.0
427.0
561.0
646.0
691.0
682.0
611.0
500.0
348.0
177.0
15.0
0.0
0.0
0.0
0.0
0.0
0.0
0.0
0.0
0.0
0.0
0.0
29.0
31.0
70.0
66.0
64.0
97.0
101.0
78.0
101.0
139.0
111.0
74.0
72.0
32.0
0.0
0.0
0.0
0.0
0.0
0.0
0.0
0.0
0.0
0.0
63.0
218.0
268.0
427.0
514.0
849.0
492.0
191.0
409.0
701.0
551.0
337.0
171.0
34.0
0.0
0.0
0.0
0.0
0.0
0.0
0.0
0.0
0.0
17.0
164.0
287.0
348.0
483.0
612.0
494.0
824.0
798.0
811.0
528.0
555.0
282.0
162.0
13.0
0.0
0.0
0.0
0.0
0.0
0.0
0.0
0.0
0.0
0.0
0.0
17.0
57.0
209.0
401.0
550.0
534.0
403.0
146.0
112.0
160.0
64.0
0.0
0.0
0.0
0.0
0.0
0.0
0.0
0.0
0.0
0.0
0.0
0.0
24.0
89.0
184.0
496.0
669.0
789.0
839.0
838.0
794.0
697.0
553.0
395.0
185.0
58.0
0.0
0.0
0.0
0.0
0.0
0.0
0.0
0.0
0.0
2.0
127.0
295.0
462.0
604.0
706.0
770.0
833.0
817.0
698.0
554.0
183.0
123.0
162.0
83.0
5.0
0.0
0.0
0.0
0.0
0.0
0.0
0.0
0.0
0.0
0.0
80.0
282.0
453.0
469.0
471.0
601.0
686.0
528.0
341.0
191.0
67.0
83.0
0.0
0.0
0.0
0.0
0.0
0.0
0.0
0.0
0.0
0.0
0.0
46.0
122.0
263.0
603.0
764.0
857.0
913.0
912.0
851.0
753.0
516.0
440.0
249.0
71.0
0.0
0.0
0.0
0.0
0.0
0.0
0.0
0.0
0.0
16.0
43.0
168.0
347.0
610.0
678.0
670.0
866.0
814.0
319.0
435.0
448.0
81.0
185.0
83.0
7.0
0.0
0.0
0.0
0.0
0.0
960.3000000000001
