1.77
0.45
-0.06
-0.58
-0.8
-0.81
-1.02
-0.88
-0.71
-0.03
1.15
2.24
2.96
3.48
4.04
3.8
3.51
3.09
2.67
1.1
0.81
0.56
0.21
-0.27
2.5
2.26
1.98
1.88
1.8
1.82
1.84
1.9
1.98
2.26
2.76
3.39
3.69
3.63
3.43
3.15
2.81
2.44
2.25
1.86
1.66
1.45
1.32
1.15
-1.13
-0.86
-1.14
-1.87
-2.39
-2.53
-2.71
-2.42
-2.03
-1.49
-0.54
0.7
1.7
2.26
2.6
2.64
2.65
2.52
2.32
1.25
1.09
0.88
0.62
0.38
5.02
4.65
4.48
4.28
4.1
3.78
3.59
3.64
5.22
6.5
7.29
7.56
7.98
8.57
8.82
8.37
7.35
6.52
6.03
5.85
5.73
5.64
5.21
4.72
-0.48
-1.15
-1.15
-1.47
-1.71
-1.5
-1.56
-1.59
-1.14
-0.21
1.52
2.83
4.47
5.51
5.96
5.89
5.56
4.89
3.93
2.0
1.38
0.92
-0.24
-1.0
5.0
4.84
4.24
3.98
4.07
4.64
5.12
4.28
5.07
6.42
8.05
9.17
10.04
10.63
10.56
10.32
9.92
9.22
8.68
7.67
7.33
7.07
6.12
5.29
4.72
4.48
4.24
4.2
4.14
4.06
4.53
4.8
5.47
6.17
6.76
7.39
7.92
8.5
8.57
8.77
8.83
8.64
8.11
7.2
6.7
6.2
5.84
5.51
6.48
6.54
6.11
5.64
5.31
5.0
4.63
4.31
5.16
7.4
8.77
10.02
10.81
11.36
12.24
12.32
11.92
11.28
10.47
9.8
8.46
7.79
7.23
6.81
9.95
9.03
8.51
8.22
8.05
8.1
8.14
8.49
8.78
9.99
11.24
12.14
12.84
13.31
13.49
13.31
13.08
12.68
12.16
10.51
10.17
9.88
9.66
9.5
10.16
9.94
9.72
9.5
9.28
9.06
8.84
8.61
9.82
11.41
13.48
14.84
15.68
15.97
15.98
15.7
15.15
14.54
13.94
13.53
13.24
12.78
12.45
12.04
14.740000000000002
13.772
12.18
11.82
11.7
11.19
11.15
11.53
12.57
14.0
15.42
16.65
17.63
18.34
18.73
18.8
18.43
17.83
17.07
16.29
15.63
15.04
14.57
14.2
12.92
13.02
12.99
13.09
13.33
13.63
13.78
13.09
13.07
12.62
12.49
12.33
12.19
12.18
12.28
12.23
12.37
12.35
12.35
11.25
11.3
11.5
11.64
11.8
14.47
13.99
13.54
13.16
12.74
12.58
13.87
16.33
17.33
18.14
18.37
18.53
18.46
18.89
17.32
17.31
17.45
17.83
18.29
18.29
17.55
16.85
16.3
15.7
13.18
13.08
12.85
12.73
12.67
12.63
12.95
14.44
15.34
15.75
16.65
17.48
17.8
18.02
17.98
18.14
18.1
16.89
16.3
15.41
14.88
14.69
14.49
14.1
6.56
6.73
7.0
7.35
7.75
8.11
8.46
8.59
9.32
10.23
11.56
13.05
14.2
14.58
14.48
14.05
13.43
12.95
12.57
12.7
12.65
12.66
12.49
12.32
16.16
15.85
15.48
15.27
14.97
14.66
14.85
17.37
18.35
19.05
20.0
20.76
21.43
21.45
21.63
21.95
21.41
20.73
19.72
19.35
18.98
18.61
18.12
17.67
19.19
18.99
18.18
17.78
17.49
17.61
17.65
18.63
20.19
21.24
21.77
22.32
22.8
23.19
22.89
22.76
22.82
22.55
22.42
21.93
21.22
20.57
20.01
19.36
21.0
20.33
20.04
19.77
19.47
19.31
19.15
18.83
19.72
20.6
21.41
22.0
22.51
22.89
22.54
22.07
20.55
19.49
19.39
19.79
19.66
19.34
18.95
18.63
19.42
18.84
18.07
17.83
17.54
17.58
17.79
18.88
20.25
21.51
22.54
23.32
23.99
24.29
24.41
24.44
24.27
24.08
23.69
23.63
23.23
22.75
22.34
21.88
21.93
21.41
20.92
20.25
19.63
19.3
20.43
23.5
24.67
25.57
26.52
27.0
26.95
27.88
28.38
28.34
28.33
28.0
27.06
25.4
24.15
23.42
22.8
22.41
-5.126
35.827000000000005
