-2.0
-2.5
-3.0
-3.3
-3.6
-3.8
-4.0
-4.2
-3.9
-1.6
0.8
2.9
4.5
5.3
5.5
4.6
2.9
2.7
2.4
2.2
1.9
1.7
1.5
1.2
4.1
3.7
3.3
3.1
3.0
2.8
2.7
2.7
3.4
4.6
5.8
6.7
7.4
7.8
7.8
7.3
6.5
6.1
5.6
5.1
4.6
4.1
3.7
3.2
3.1
3.0
2.9
2.8
2.8
2.7
2.7
2.6
2.8
3.1
3.0
3.6
3.8
5.6
6.7
7.0
6.7
6.1
5.9
5.6
5.4
5.2
4.9
4.7
0.3
0.1
-0.2
-0.3
-0.4
-0.4
-0.5
-0.5
0.7
2.5
3.9
5.0
6.3
7.0
7.5
7.7
7.3
6.2
5.5
4.9
4.3
3.6
3.0
2.3
7.7
6.7
6.2
5.6
5.3
5.2
5.7
6.4
7.2
8.0
8.7
9.3
9.7
10.0
10.2
10.2
10.0
9.6
9.0
8.3
7.9
7.1
7.1
6.7
6.6
5.6
5.0
4.4
4.0
3.9
4.8
6.3
8.2
9.8
11.5
12.9
14.1
14.9
15.4
15.5
15.2
14.3
13.1
11.7
10.9
10.0
9.2
8.4
9.9
9.8
9.8
9.8
9.7
9.7
9.8
11.6
13.9
16.1
18.2
19.9
21.2
22.1
22.6
22.5
21.7
20.4
18.9
18.3
17.7
17.1
16.5
15.9
19.1
19.0
19.0
18.9
18.9
18.9
19.4
20.5
21.7
23.1
24.3
25.0
25.8
26.3
26.8
27.2
27.5
27.4
26.7
25.9
24.4
22.9
21.5
20.1
13.7
13.4
13.2
13.0
13.0
13.5
14.6
15.8
17.1
18.5
19.6
20.6
21.5
22.2
22.7
22.9
22.9
22.5
21.8
20.9
19.9
19.3
18.7
18.1
18.1
17.1
16.0
15.2
15.6
16.1
16.7
17.3
18.1
18.8
19.7
20.4
21.1
21.5
21.8
21.9
21.9
21.6
21.1
20.4
19.7
18.5
17.3
16.1
-8.14
36.190000000000005
