-0.000000000000000000e+00
-0.000000000000000000e+00
-0.000000000000000000e+00
-0.000000000000000000e+00
-0.000000000000000000e+00
-0.000000000000000000e+00
-0.000000000000000000e+00
-0.000000000000000000e+00
2.612750852600000062e+00
1.256557854219999548e+01
2.894966734539999820e+01
4.465766046399999567e+01
5.705889373200002268e+01
6.348986523440000695e+01
6.133209456180001240e+01
4.349704770600001780e+01
1.374585595039999752e+01
4.372651566999999351e-01
-0.000000000000000000e+00
-0.000000000000000000e+00
-0.000000000000000000e+00
-0.000000000000000000e+00
-0.000000000000000000e+00
-0.000000000000000000e+00
-0.000000000000000000e+00
-0.000000000000000000e+00
-0.000000000000000000e+00
-0.000000000000000000e+00
-0.000000000000000000e+00
-0.000000000000000000e+00
-0.000000000000000000e+00
-0.000000000000000000e+00
7.434469052699998137e+00
2.721849515159999910e+01
4.562081894449998742e+01
6.917437490449998450e+01
8.735758361660003857e+01
1.572654808651000167e+02
2.762118866513998796e+02
3.123929495179000924e+02
1.785014486084000396e+02
1.879861993199999803e+00
-0.000000000000000000e+00
-0.000000000000000000e+00
-0.000000000000000000e+00
-0.000000000000000000e+00
-0.000000000000000000e+00
-0.000000000000000000e+00
-0.000000000000000000e+00
-0.000000000000000000e+00
-0.000000000000000000e+00
-0.000000000000000000e+00
-0.000000000000000000e+00
1.114442095890000139e+01
3.707687851739999019e+01
4.858072947079997306e+01
5.217711217129998857e+01
5.164565810239999166e+01
5.530032931249997574e+01
5.546985969460000376e+01
5.529925875340001085e+01
2.540074550285999635e+02
4.468541520979000552e+02
5.963222149444000024e+02
6.680402423353000358e+02
6.043103293609999582e+02
3.944385072117001982e+02
1.001051435594999930e+02
1.377273080499999969e+00
-0.000000000000000000e+00
-0.000000000000000000e+00
-0.000000000000000000e+00
-0.000000000000000000e+00
-0.000000000000000000e+00
-0.000000000000000000e+00
-0.000000000000000000e+00
-0.000000000000000000e+00
-0.000000000000000000e+00
1.293886946800000048e+00
2.326509225079999155e+01
3.654459215200000699e+01
4.529853543920000192e+01
4.553792277729998972e+01
4.838315015740000291e+01
7.662377843680002343e+01
2.952718756741000448e+02
4.685178521027000329e+02
5.624980898929001114e+02
4.787341781507998917e+02
1.139814362762999593e+02
-0.000000000000000000e+00
-0.000000000000000000e+00
-0.000000000000000000e+00
-0.000000000000000000e+00
-0.000000000000000000e+00
-0.000000000000000000e+00
-0.000000000000000000e+00
-0.000000000000000000e+00
-0.000000000000000000e+00
-0.000000000000000000e+00
-0.000000000000000000e+00
-0.000000000000000000e+00
-0.000000000000000000e+00
-0.000000000000000000e+00
3.462573422500000220e+00
1.298558254939999834e+01
2.579496187080000169e+01
3.587569159919998896e+01
4.090118598750000700e+01
4.056410502850000199e+01
3.418260611529999693e+01
2.194724576949998962e+01
7.300365101700000636e+00
4.372646918999999466e-01
-0.000000000000000000e+00
-0.000000000000000000e+00
-0.000000000000000000e+00
-0.000000000000000000e+00
-0.000000000000000000e+00
-0.000000000000000000e+00
-0.000000000000000000e+00
-0.000000000000000000e+00
-0.000000000000000000e+00
-0.000000000000000000e+00
-0.000000000000000000e+00
-0.000000000000000000e+00
-0.000000000000000000e+00
-0.000000000000000000e+00
1.007289200049999955e+01
3.046849136990000062e+01
4.909117393589998812e+01
6.431179786299999535e+01
7.255177853179999659e+01
1.763291374780000069e+02
3.080648287613996672e+02
3.515608414521000782e+02
3.649526110570000270e+01
-0.000000000000000000e+00
-0.000000000000000000e+00
-0.000000000000000000e+00
-0.000000000000000000e+00
-0.000000000000000000e+00
-0.000000000000000000e+00
-0.000000000000000000e+00
-0.000000000000000000e+00
-0.000000000000000000e+00
-0.000000000000000000e+00
-0.000000000000000000e+00
-0.000000000000000000e+00
4.329375403999999872e-01
1.052965693979999706e+01
3.869840286980001309e+01
6.615531262580000771e+01
7.329950265139999033e+01
8.695855293199997504e+01
1.273837309937000128e+02
1.373212115581999626e+02
1.420264143323000212e+02
1.357361195184999474e+02
1.158386126066999680e+02
9.822914965999999026e+01
5.940185095960000439e+01
1.771705977140000954e+01
8.917862684999999789e-01
-0.000000000000000000e+00
-0.000000000000000000e+00
-0.000000000000000000e+00
-0.000000000000000000e+00
-0.000000000000000000e+00
-0.000000000000000000e+00
-0.000000000000000000e+00
-0.000000000000000000e+00
-0.000000000000000000e+00
-0.000000000000000000e+00
-0.000000000000000000e+00
2.127927123500001461e+00
2.442248539009998609e+01
5.288161419559998677e+01
6.839921039009995241e+01
8.964533522370003027e+01
1.120668919413999873e+02
1.932326238806000447e+02
3.569419263422000768e+02
5.063564557936000483e+02
5.310589144424997130e+02
2.016374679200000344e+02
4.348235028999999363e-01
-0.000000000000000000e+00
-0.000000000000000000e+00
-0.000000000000000000e+00
-0.000000000000000000e+00
-0.000000000000000000e+00
-0.000000000000000000e+00
-0.000000000000000000e+00
-0.000000000000000000e+00
-0.000000000000000000e+00
-0.000000000000000000e+00
-0.000000000000000000e+00
-0.000000000000000000e+00
4.338696922000001566e-01
8.236309263100002553e+00
2.183541697789999603e+01
4.304385991429999336e+01
6.342103553069998867e+01
8.080739946829999099e+01
8.255791370849999566e+01
7.010867687009999827e+01
3.938274531410000634e+01
6.610546465899997948e+00
-0.000000000000000000e+00
-0.000000000000000000e+00
-0.000000000000000000e+00
-0.000000000000000000e+00
-0.000000000000000000e+00
-0.000000000000000000e+00
-0.000000000000000000e+00
-0.000000000000000000e+00
-0.000000000000000000e+00
-0.000000000000000000e+00
-0.000000000000000000e+00
-0.000000000000000000e+00
-0.000000000000000000e+00
-0.000000000000000000e+00
-0.000000000000000000e+00
3.420578413200000334e+00
2.332625268849999856e+01
4.658475363130000346e+01
5.622564156300000349e+01
5.858136173880001962e+01
1.865753133987000467e+02
3.039753702499000383e+02
2.898922386086999836e+02
6.477828514190001385e+01
-0.000000000000000000e+00
-0.000000000000000000e+00
-0.000000000000000000e+00
-0.000000000000000000e+00
-0.000000000000000000e+00
-0.000000000000000000e+00
-0.000000000000000000e+00
-0.000000000000000000e+00
-0.000000000000000000e+00
-0.000000000000000000e+00
-0.000000000000000000e+00
-0.000000000000000000e+00
-0.000000000000000000e+00
8.649930607999998244e-01
1.155107306620000074e+01
2.921080842880000361e+01
4.615483863770000994e+01
6.758369707390004066e+01
8.628077645369997128e+01
1.023335501363000049e+02
1.158427555097000123e+02
1.227499027126999920e+02
1.131659156730999740e+02
7.183871166729996105e+01
2.373426599050001329e+01
1.374922341099999779e+00
-0.000000000000000000e+00
-0.000000000000000000e+00
-0.000000000000000000e+00
-0.000000000000000000e+00
-0.000000000000000000e+00
-0.000000000000000000e+00
-0.000000000000000000e+00
-0.000000000000000000e+00
-0.000000000000000000e+00
-0.000000000000000000e+00
-0.000000000000000000e+00
8.514467209599999364e+00
3.854891890439999713e+01
4.380079000690002289e+01
4.762016744990000205e+01
4.890680382780000457e+01
4.899159246970001647e+01
6.052163566779999115e+01
2.902431968527000095e+02
4.919765591848999975e+02
6.204328100051001229e+02
6.251530063775999224e+02
4.429389741871002002e+02
1.800726682290000014e+01
-0.000000000000000000e+00
-0.000000000000000000e+00
-0.000000000000000000e+00
-0.000000000000000000e+00
-0.000000000000000000e+00
-0.000000000000000000e+00
-0.000000000000000000e+00
-0.000000000000000000e+00
-0.000000000000000000e+00
-0.000000000000000000e+00
2.614630994799999275e+00
1.496455814120000305e+01
4.799926632150000216e+01
7.096291476970000645e+01
9.247832447350002383e+01
8.968770653310001251e+01
9.732818451960000061e+01
1.055085084872000181e+02
2.746569675465000842e+02
4.773471157535999509e+02
6.134651177101000030e+02
5.750479129249999914e+02
3.819467330194000283e+02
6.829987166499999773e+01
8.356976873400002503e+00
-0.000000000000000000e+00
-0.000000000000000000e+00
-0.000000000000000000e+00
-0.000000000000000000e+00
-0.000000000000000000e+00
-0.000000000000000000e+00
-0.000000000000000000e+00
-0.000000000000000000e+00
-0.000000000000000000e+00
-0.000000000000000000e+00
-0.000000000000000000e+00
6.988945373999999156e+00
3.743780153959999524e+01
5.069336361839998517e+01
5.343707494419999193e+01
5.522434048309999355e+01
4.638225469020002123e+01
1.900150705069000026e+02
4.054609569002000171e+02
4.657702846478001106e+02
4.169492599732000144e+02
1.241886276693000326e+02
1.889631441699999970e+00
-0.000000000000000000e+00
-0.000000000000000000e+00
-0.000000000000000000e+00
-0.000000000000000000e+00
-0.000000000000000000e+00
-0.000000000000000000e+00
-0.000000000000000000e+00
-0.000000000000000000e+00
-0.000000000000000000e+00
-0.000000000000000000e+00
-0.000000000000000000e+00
-0.000000000000000000e+00
5.193474107200000134e+00
2.074111948029999652e+01
3.678389041910000401e+01
7.145598840160000975e+01
9.594869721779996041e+01
1.290685421158999588e+02
2.142090998616000661e+02
3.249335818373999700e+02
4.062484932434999223e+02
3.306451518467000028e+02
1.222942111190000247e+01
-0.000000000000000000e+00
-0.000000000000000000e+00
-0.000000000000000000e+00
-0.000000000000000000e+00
-0.000000000000000000e+00
-0.000000000000000000e+00
-0.000000000000000000e+00
-0.000000000000000000e+00
-0.000000000000000000e+00
-0.000000000000000000e+00
-0.000000000000000000e+00
-0.000000000000000000e+00
-0.000000000000000000e+00
-0.000000000000000000e+00
2.190267764899999747e+00
1.302566984390000471e+01
2.465635797719999189e+01
3.274503168959999755e+01
3.604820065639999171e+01
3.375494559819999552e+01
2.559442501819999194e+01
1.303200290800000083e+01
2.265609253100000053e+00
-0.000000000000000000e+00
-0.000000000000000000e+00
-0.000000000000000000e+00
-0.000000000000000000e+00
-0.000000000000000000e+00
-0.000000000000000000e+00
-0.000000000000000000e+00
-0.000000000000000000e+00
-0.000000000000000000e+00
-0.000000000000000000e+00
-0.000000000000000000e+00
-0.000000000000000000e+00
-0.000000000000000000e+00
-0.000000000000000000e+00
8.955383363099999272e+00
3.454950742630001059e+01
6.438250239000001329e+01
8.283372749749999286e+01
9.158833643630002541e+01
1.160787607354000244e+02
1.036514311355999922e+02
7.547598281949997556e+01
4.147900736080000428e+01
2.188510477119998754e+01
3.573832701799999789e+00
-0.000000000000000000e+00
-0.000000000000000000e+00
-0.000000000000000000e+00
-0.000000000000000000e+00
-0.000000000000000000e+00
-0.000000000000000000e+00
-0.000000000000000000e+00
-0.000000000000000000e+00
-0.000000000000000000e+00
-0.000000000000000000e+00
-0.000000000000000000e+00
8.785810599999999582e+00
3.486319303670000380e+01
4.888490556430001277e+01
4.924422860839999316e+01
5.095961676509998739e+01
4.985416113729997534e+01
5.411816922219999526e+01
6.293365141660001427e+01
2.478354040566000265e+02
4.387750208325000472e+02
5.981907002473000148e+02
6.635135574887000303e+02
6.053358260586001052e+02
3.719015258391000884e+02
7.454259101119998832e+01
8.959733578999998782e-01
-0.000000000000000000e+00
-0.000000000000000000e+00
-0.000000000000000000e+00
-0.000000000000000000e+00
-0.000000000000000000e+00
-0.000000000000000000e+00
-0.000000000000000000e+00
-0.000000000000000000e+00
6.316844781000000353e+00
3.256252545480000293e+01
4.828621561070001889e+01
4.929859274729997765e+01
5.500899684550000757e+01
6.865328688990000217e+01
9.661948303649998593e+01
1.438574487123999290e+02
2.542375600067000505e+02
4.182655761273000508e+02
5.980903904064000471e+02
6.001325216017002049e+02
4.171464223913000637e+02
7.953969501259997799e+01
1.002630570070000005e+01
-0.000000000000000000e+00
-0.000000000000000000e+00
-0.000000000000000000e+00
-0.000000000000000000e+00
-0.000000000000000000e+00
-0.000000000000000000e+00
-0.000000000000000000e+00
-0.000000000000000000e+00
-0.000000000000000000e+00
1.006831736870000071e+01
3.770660598450000833e+01
5.920792309140001208e+01
7.051821639100000993e+01
7.038260356399999296e+01
7.201658441169999492e+01
6.472933769200001564e+01
7.308793191000000888e+01
2.506632956496000020e+02
4.506199917253000535e+02
6.126257900120999693e+02
6.916578169848002062e+02
6.602347112560997857e+02
4.271723528584001315e+02
1.234980088351000092e+02
1.888254044900000039e+00
-0.000000000000000000e+00
-0.000000000000000000e+00
-0.000000000000000000e+00
-0.000000000000000000e+00
6.916578169848002062e+02
