36.865
35.227
37.146
48.842
53.637
38.177
78.298
94.353
146.721
124.362
111.754
80.718
73.76
78.199
75.031
77.09899999999999
103.557
141.506
198.654
189.64
144.366
143.929
157.704
146.895
221.105
206.811
182.93400000000003
161.967
159.454
189.546
221.648
245.092
236.534
229.139
230.086
217.738
212.344
205.96400000000003
203.004
183.813
186.329
192.745
221.448
230.643
199.895
193.126
177.524
175.521
311.538
353.727
383.253
359.543
371.299
356.855
342.88
340.279
322.16
288.27
304.866
290.848
263.64
265.122
276.223
295.958
313.925
284.706
268.94
277.772
313.469
326.599
284.519
270.943
274.72
257.574
257.66
225.925
205.565
221.253
255.058
268.848
258.843
255.0735
251.304
227.795
216.702
222.928
220.899
212.105
216.541
222.9075
229.274
226.591
215.193
202.633
192.75
200.614
54.169
58.928
50.238
37.645
33.909
38.601
112.724
207.919
231.775
191.206
84.39399999999999
51.479
56.674
56.845
47.014
56.045
50.752
102.429
208.233
237.596
189.9
165.981
147.606
111.631
180.635
166.826
180.09400000000002
164.06
168.50599999999997
193.986
201.583
248.287
233.378
218.429
184.913
183.169
169.405
179.638
175.394
185.213
190.663
189.277
175.135
213.915
202.671
226.056
236.815
235.698
93.239
96.68
106.257
92.83
89.635
91.241
87.96
87.333
78.642
70.85
64.038
57.011
81.993
82.5
85.365
78.39699999999999
75.862
82.101
90.622
108.342
110.992
94.348
117.87
110.792
62.306
81.597
73.115
65.061
74.63600000000001
56.368
50.252
40.765
46.268
62.594
105.431
124.548
132.971
145.11
123.779
128.565
115.933
82.804
84.376
132.438
126.166
75.831
101.274
124.849
142.69899999999998
71.936
59.31
55.715
44.95
45.818000000000005
43.575
43.795
48.364
74.836
63.891000000000005
101.575
87.925
37.822
32.678000000000004
40.629
38.581
61.595
89.95299999999999
155.781
150.363
175.201
199.932
180.411
169.835
140.746
111.657
104.332
104.564
116.184
170.7
196.573
266.291
265.971
265.629
250.066
208.947
166.696
159.095
160.66899999999998
156.079
190.005
247.274
269.069
252.516
198.126
209.529
179.71200000000002
346.24800000000005
148.148
