86.53
82.48
74.42
67.21
65.44
74.8
90.77
113.23
116.05
108.2
104.17
101.95
99.83
102.06
105.3
115.84
123.55
142.66
150.06
141.18
121.04
112.31
104.07
91.41
125.44
123.77
122.53
119.27
119.15
124.03
127.6
132.91
131.05
132.47
132.99
132.59
131.02
130.37
132.96
132.93
132.93
127.04
126.78
124.06
124.05
122.21
122.14
116.16
143.22
134.37
128.0
126.3
126.69
139.66
147.27
180.15
185.33
185.3
178.61
168.76
168.71
168.0
174.02
164.34
164.92
179.91
182.6
181.98
184.71
172.44
160.97
154.09
159.09
157.04
152.9
151.88
150.85
156.43
181.55
206.27
228.85
225.3
211.25
199.28
193.21
190.21
189.9
192.89
197.68
213.67
215.47
207.76
190.03
176.45
175.02
160.68
145.24
140.0
135.64
133.85
135.06
145.82
155.0
174.97
180.68
179.04
173.14
168.97
162.14
156.72
162.0
168.93
174.87
186.05
186.73
183.51
177.94
168.54
162.05
154.01
156.02
154.96
154.14
151.65
148.61
154.42
159.42
178.38
195.59
199.77
195.68
194.74
189.98
181.91
180.99
183.62
186.91
194.99
200.16
197.6
182.83
169.04
164.74
156.95
91.57
88.66
83.13
81.24
78.78
83.17
88.64
90.86
93.85
96.17
94.22
94.0
92.35
92.37
93.83
110.35
120.1
129.02
130.74
124.39
117.01
110.08
99.75
93.23
104.49
103.59
102.91
103.55
110.56
120.16
138.4
163.17
125.5
114.67
109.01
106.26
102.75
103.02
103.06
108.94
124.07
160.79
185.28
173.02
138.19
116.61
108.94
99.05
112.11
107.59
104.87
105.14
112.49
138.18
166.63
171.99
151.19
136.74
131.93
125.92
113.79
116.85
124.9
124.95
127.08
131.22
138.42
138.11
129.54
125.53
120.3
110.83
96.16
94.1
94.53
94.81
96.69
111.1
115.7
122.81
112.05
95.77
90.15
88.2
88.45
87.93
88.71
92.61
108.04
114.29
121.01
122.49
113.63
101.23
95.53
94.85
69.1
66.82
64.06
64.07
69.01
79.85
88.7
89.11
87.54
85.22
80.33
75.48
71.62
68.87
67.36
68.46
72.05
85.45
98.05
102.08
102.5
99.31
94.18
75.26
87.48
85.27
82.18
82.36
89.98
108.79
109.74
109.73
93.88
87.92
83.16
78.48
71.51
67.19
75.83
80.42
85.68
94.0
110.14
112.83
110.37
109.86
103.05
106.01
91.43
88.06
86.39
87.52
94.92
103.15
108.75
110.29
97.16
81.66
76.33
73.51
68.06
69.06
73.07
78.53
89.92
102.93
106.18
107.91
104.13
99.99
92.5
85.84
88.08
85.87
83.6
83.5
82.34
85.05
86.49
85.02
74.8
62.35
48.04
26.67
15.39
14.31
20.17
55.38
80.66
98.91
118.01
126.1
126.7
120.75
107.34
103.36
180.28
83.05
