73.36
70.95
69.68
69.38
70.76
70.3
71.49
78.12
85.55
86.48
83.87
78.07
75.82
73.4
75.47
76.86
84.57
89.32
91.87
89.95
87.95
80.22
76.38
71.04
151.1
146.78
142.3
137.12
136.75
136.52
141.02
150.88
154.21
153.88
146.05
135.49
129.14
121.92
122.21
130.46
132.08
142.16
157.57
157.29
159.54
157.27
153.9
148.69
143.22
134.37
128.0
126.3
126.69
139.66
147.27
180.15
185.33
185.3
178.61
168.76
168.71
168.0
174.02
164.34
164.92
179.91
182.6
181.98
184.71
172.44
160.97
154.09
155.6
152.17
148.2
142.58
138.36
145.06
166.53
180.28
194.91
185.2
174.25
158.08
148.02
144.0
151.32
157.19
160.45
169.99
178.82
180.05
169.89
161.6
158.82
153.06
105.07
102.29
105.34
107.07
105.98
106.87
117.27
124.24
119.36
107.46
106.49
106.27
98.34
99.01
105.05
105.98
109.82
121.22
125.06
126.86
123.15
108.44
109.18
106.23
104.49
103.59
102.91
103.55
110.56
120.16
138.4
163.17
125.5
114.67
109.01
106.26
102.75
103.02
103.06
108.94
124.07
160.79
185.28
173.02
138.19
116.61
108.94
99.05
120.02
116.07
115.48
115.56
118.62
127.79
128.98
129.71
132.9
121.63
116.03
107.04
100.16
99.54
102.4
115.03
124.78
132.82
131.87
130.99
125.66
127.82
116.94
117.35
96.16
94.1
94.53
94.81
96.69
111.1
115.7
122.81
112.05
95.77
90.15
88.2
88.45
87.93
88.71
92.61
108.04
114.29
121.01
122.49
113.63
101.23
95.53
94.85
69.1
66.82
64.06
64.07
69.01
79.85
88.7
89.11
87.54
85.22
80.33
75.48
71.62
68.87
67.36
68.46
72.05
85.45
98.05
102.08
102.5
99.31
94.18
75.26
87.48
85.27
82.18
82.36
89.98
108.79
109.74
109.73
93.88
87.92
83.16
78.48
71.51
67.19
75.83
80.42
85.68
94.0
110.14
112.83
110.37
109.86
103.05
106.01
92.84
91.97
92.43
92.11
95.16
112.08
114.13
115.88
120.45
105.07
100.08
97.26
94.77
93.87
96.37
101.77
113.36
110.87
121.18
121.34
121.15
115.17
105.35
108.61
84.77
82.09
80.0
79.93
88.04
96.79
104.31
109.31
101.26
95.96
89.05
82.05
78.96
75.19
76.84
78.85
88.79
100.03
108.05
110.4
108.89
108.26
99.94
95.83
180.28
83.05
