48.47371214000001
48.54785586000001
49.00276535
178.56
178.56
178.56
136.4642668400006
44.63364493
45.180561929999996
45.66988335000001
45.59967118
46.17012421
47.29515693000001
47.82847047999999
48.84863004000002
49.51073869
49.43300572000001
49.67151252000001
47.69370179
48.9681927
48.51362138
48.85174049
47.32045255000001
47.40978452
60.73336485999997
61.40174341000001
60.411490999999984
61.10543340999999
61.90460926999999
62.44827420999998
62.34200630000001
63.634932899999995
64.12379841
63.85714083
63.40427113999999
63.53983523999997
62.37569120999999
63.09776508
63.63447215999999
62.63292714000001
62.58045681999999
105.4640546699996
61.19282624
178.56
178.56
178.56
178.56
178.56
51.70689034000001
51.05900562
50.94326740999999
178.56
178.56
51.099234550000006
50.91938110000001
50.87486844999999
50.53885921000001
50.61259216999999
51.10903006999998
51.66062510000001
52.52709966
52.91414547999999
52.82132821
88.57767673000012
53.84025499999999
54.69037931000002
54.59289073000001
54.23655286000002
53.63651111000001
53.298704689999994
178.56
178.56
178.56
178.56
178.56
49.2690751
49.12980086
163.6454003500002
49.13488048
49.21859858999997
48.81847389999998
48.55499859
48.46056334
48.375522860000004
48.402697
47.98599203999997
48.31924139
48.01169575999999
48.02988624
48.18603537999999
48.08651869000002
48.24500289
48.26332245
48.276225479999994
47.92753678999999
48.54424862
62.49722961999998
63.52789331
64.62195299
63.29572466
62.95504327
61.79811154999999
60.82328455
60.57112830999999
60.39717852
60.33020679000001
60.75398104999999
61.15101314
178.56
178.56
178.56
59.644403559999986
58.56190424
58.25364089999999
178.56
99.28244900000084
61.92718762999999
61.577291790000004
61.43447562
178.56
50.61772547999999
50.66176220000003
49.39905781999998
178.56
178.56
178.56
47.034218
46.98552123999998
47.46930524
48.28447175999999
48.96024189
49.56915054000001
78.76763478000021
49.16601711
57.54196727999999
63.84818335
64.11482692999999
178.56
53.25927620999999
52.45225782999999
52.98331898999999
52.38979696999999
52.89254823999999
53.77152143999999
178.56
178.56
178.56
56.73258276000001
55.55711945
55.31234113999998
54.92004454999999
54.60259259000001
53.79010692999999
53.12643679000001
125.5452004200001
53.81667718
55.31811844999999
55.88021103000001
55.844348139999994
178.56
55.16491134
53.49177154999998
55.18119628000001
55.69431706999998
55.00249076
53.85133354999999
53.83338589999999
53.40869771999999
58.28073587000002
58.48210906999999
57.94094565
57.74654011000001
58.82997351000001
58.38423997000001
58.68691906
59.54543707000001
60.504567480000006
61.51192593
61.511688
178.56
178.56
178.56
89.5684588400002
178.56
60.08876405000001
178.56
59.62859672
59.93676997000001
60.37879477000001
60.01732393999998
60.22701258000001
61.30467230999997
51.12258921000002
51.32845431
51.26720669
51.25649668999999
51.228487310000006
51.48426037999999
51.287775
51.315257
51.328186
51.35163831000001
51.375758
51.39564262
51.42230331
178.56
178.56
178.56
178.56
75.64389109999999
52.02899569
51.59416969
52.79610735
52.91829969999999
53.25277971999999
53.72511662000002
56.48009562999997
178.56
57.75340396000001
178.56
178.56
178.56
155.5948006300005
52.42454434000001
51.85756072
51.53972361999999
52.67297693
53.22387931
55.93560735
59.224706519999984
58.94015868999999
66.16639658999998
62.44983045
61.02989136999999
59.39358298999998
60.64305541
61.01213600999998
61.08455941
59.82565406999998
58.99869289999999
55.58928165
55.73521625
134.0079035400007
178.56
178.56
178.56
178.56
54.093648070000015
54.36416747999998
54.631118709999996
54.300525650000026
55.78838985999998
55.92557109999998
55.47072594000001
56.43504048
56.14867103999998
55.91481483
56.12927851999999
55.85782047999999
55.73335578999999
55.21316247999998
55.14762876
56.06310038000001
56.72169979
50.30128151999999
176.9093317399996
178.56
178.56
178.56
50.15993716999998
49.55401709999999
49.68496196999999
49.39178999999999
49.414190000000005
49.43659
49.45898999999999
49.48138999999999
49.50379
49.52619
49.54859
49.57098999999999
49.59339
49.61579
49.63818999999999
49.66058999999999
49.68299
49.705389999999994
49.72778999999999
52.07405245
91.82313518999987
178.56
178.56
178.56
178.56
49.97269234999999
49.23851575999999
49.07976017
49.54355041999999
51.13405555999999
56.54861015999999
56.28118327999999
55.69492354999999
54.51655943999999
54.50821151999999
53.63620863999999
53.47252189999999
53.5334989
53.405672179999996
52.97115397
52.31790396
53.03209786000001
52.73338293999998
50.91761527999999
90.91915018000032
178.56
178.56
178.56
51.70658521
50.54680378999999
49.61910064999999
48.86754879999999
48.78371407
49.64800616999999
49.07155140999998
51.94205288999999
50.9075259
51.94157723999999
54.76487758
54.87577662
55.11482928000001
55.20339734000001
56.188040999999984
57.37758109999999
57.14377732
56.22893297
178.56
62.50936951000001
62.29106813999999
62.67572660999997
178.56
108.0359393100002
178.56
59.93896573
178.56
178.56
178.56
61.68052338
61.58457403
61.26073078999998
62.66938817999999
63.15152857999999
62.91785289999998
62.53700397
62.98498233999998
62.75669575000001
63.03229779
63.96684035000001
63.87458720999999
63.904379069999976
61.32156085999999
51.27235365000001
173.0020239000004
178.56
178.56
178.56
49.353157
49.36280076000001
48.82979927
48.947269629999994
49.23845066000001
49.84563926999999
49.42629006
48.42228061999999
48.54796331
48.59135932000001
48.27038972
50.05383138
49.36703555
49.01318835000001
47.47169266
47.62419661999999
47.68050210000001
47.75716147999999
48.27875269
178.56
62.91785289999998
