1952.4233871527777
1902.36959548611
1880.9153829861111
1859.3257447916667
1840.2180975694446
1835.7408513888888
1821.9064354166662
1794.7441263888888
1888.1491465277775
1935.349679861111
6200.0
6200.0
6200.0
6200.0
1893.5724427083326
4949.629160763885
1970.1771565972226
1963.3698972222228
1952.1190791666666
1970.8243041666663
1881.7411375000001
1874.044447916667
1884.9320729166664
1901.1882701388888
1933.6377131944453
1909.8717239583332
1872.6717503472223
1894.9863649305562
1904.818752083334
1867.5719562499999
1903.327715625
1882.559755902778
1903.1222388888891
1853.293898263889
2800.963155208312
6200.0
6200.0
6200.0
6200.0
1766.7743940972223
1776.8866378472223
1791.0886291666666
1794.2779944444453
1787.8076052083336
1786.5159934027777
1793.2060562499998
1818.741475347222
1858.4461340277774
2046.7919013888888
2042.0753937499992
2051.63065625
2030.720086111111
2025.4492684027778
2008.7282809027774
2013.004923611111
1996.9121982638885
2055.327694097222
2119.6714826388884
2170.026915972222
2230.428614236132
6200.0
6200.0
6200.0
6200.0
6200.0
1997.0630628472222
2015.6328232638884
1956.024422916666
1930.0277621527775
1969.290397569444
1982.203696180555
2034.4645027777774
1899.9368256944447
1882.0617180555555
1887.9897555555556
1920.1887055555555
1843.4986111111118
1795.6268506944446
1809.4892934027773
1798.7705604166665
1799.737257986111
1797.8209520833339
2158.1915649305456
6200.0
6200.0
6200.0
6200.0
1725.5383954861104
1824.5776256944441
1893.304345138889
1862.5272482638889
1826.8004538194446
1763.3366940972223
1768.8868628472221
1793.0551892361104
1833.033433680555
1859.3701315972219
1857.1249666666668
1834.8027371527778
1816.737778819444
1821.5803277777782
1815.362585069445
1816.839971527777
1830.0758802083333
1882.613881944445
1855.8284767361113
6200.0
6200.0
6200.0
6200.0
4006.9884086805655
1852.5875423611117
1836.4983753472227
1847.4251833333333
1891.5225680555548
1869.5550562499996
1905.4533968750004
1946.4253375000003
2008.0491690972224
2013.0583812499997
1980.8393986111105
1954.0959293576389
1940.4130447916668
1926.2266041666671
1827.7742185937495
1804.320554166667
1776.2010729166666
1626.5766273263885
974.5940365972219
920.2642361111108
921.0420138888885
6200.0
6200.0
5713.774680868066
1388.038912604167
1602.4337539583337
1572.8909957638884
1566.908114236111
1566.6342708333327
1567.4173958333336
1567.1194874999999
1565.7530315972224
1570.781853472222
1580.914594097222
2108.7973909722214
2132.0049795138893
2097.6212152777775
2121.716437847222
2149.465599652777
2168.342854513888
2164.652996527778
2209.54628125
2226.520778125
6200.0
6200.0
6200.0
6200.0
4302.593887152775
6200.0
2174.7544145833335
2172.9325284722217
2127.9773010416666
2124.7509111111112
2099.2248375
2060.756636458333
2093.494788194444
2081.0301482638883
2088.1595656249992
1974.8968725694444
1952.9614392361104
1946.3930256944448
1950.7320534722212
1918.736711111111
1889.885010416666
1887.3368159722218
1865.9093833333334
1817.7529392361112
1849.6961194444436
6200.0
6200.0
6200.0
6200.0
4552.553599652785
1957.43139375
1916.5070677083334
1933.0555781249996
1959.072259375
1930.8012427083336
1953.458081944444
1945.8460680555554
1952.797226041667
1948.4665982638894
2002.7290159722213
2104.010526041666
2098.5418149305556
2116.9279954861113
2096.6332770833333
2124.433247222222
2027.6001326388885
1980.719922222222
1968.9673499999994
1952.3746982638886
1933.2064694444443
6200.0
6200.0
6200.0
6200.0
6200.0
2559.944849305562
2109.864506944444
2119.660362847222
2135.5404923611113
2132.1242493055547
2138.799113888888
2105.917034375
2203.1417576388885
1923.6161388888886
1877.4114211805554
1848.865951041667
1833.3908274305554
1835.5989604166666
1823.9306118055551
1820.397646180556
6200.0
6200.0
6200.0
6200.0
2832.992704166678
1790.7894934027777
1792.7400847222227
1800.7981128472213
1798.0939812499998
1804.291146875
1804.9584194444442
1797.4756357638885
1780.378534375
1789.2297475694443
1751.9477572916664
1707.0896670138886
1755.267908333333
1664.8257256944444
1566.580071875
1567.9647593749999
1599.9400131944442
1715.2437190972225
1693.699913888889
1739.988792013889
4720.772693750017
6200.0
6200.0
6200.0
1610.9849291666667
1560.969460069444
1570.5639006944443
1602.4348934027776
1580.9129777777778
1583.3519309027774
1627.3272555555552
1637.3637583333332
1660.6925489583339
1735.5756906249997
1732.6719350694445
1770.8383680555555
1814.9598395833332
1877.3375541666674
1880.0519111111112
1861.0137656249997
1866.3313204861115
1868.0421788194437
1865.792565972223
1844.8187187499998
1805.9673381944444
1795.880459722222
1782.056755208333
6200.0
6200.0
6200.0
6200.0
3870.93542118057
1993.742919097222
1963.5896996527772
1971.2449093750004
1927.3216763888881
1912.3946527777775
1942.392311805555
1958.3036253472228
2003.6335690972214
2042.1475812499996
1821.5927600694445
4071.7516743055553
