2923.9884305555556
2917.2505624999994
2930.9009375
2901.0286944444447
2893.498954861111
2869.6118298611113
2875.7213194444444
2852.7317118055553
2936.1824201388886
3028.102118055555
3100.038451388889
3027.015395833333
3006.471548611111
2982.325916666667
2930.0781388888886
2834.573854166667
2830.658559027777
2852.9472326388895
2879.475461805556
2794.320604166666
2757.182517361111
2813.2719965277774
2831.719565972222
2906.3778611111106
2510.7998749999997
2512.9842361111123
2450.350090277777
2433.837006944444
2368.519086805555
2336.141892361111
2333.046527777778
2330.631013888888
2354.628236111111
2395.063083333333
2428.5834270833334
2458.7872291666667
2403.592125
2438.7905312499997
2854.2642499999997
3167.0725868055556
3180.298954861111
3239.903628472222
2641.829177083333
2601.798503472222
2628.1408229166664
2598.7002465277774
2623.6383055555552
2667.238166666666
2923.9884305555556
2917.2505624999994
2930.9009375
2901.0286944444447
2893.498954861111
2869.6118298611113
2875.7213194444444
2852.7317118055553
2936.1824201388886
3028.102118055555
3100.038451388889
3027.015395833333
3006.471548611111
2982.325916666667
2930.0781388888886
2834.573854166667
2830.658559027777
2852.9472326388895
2879.475461805556
2794.320604166666
2757.182517361111
2813.2719965277774
2831.719565972222
2906.3778611111106
3018.8417604166666
3069.718972222223
3117.874184027778
3057.2032326388894
3020.6380729166667
2988.33665625
2943.964579861112
2890.3583611111108
2887.4717430555565
2873.531743055555
2889.084149305556
2928.937166666666
2946.92389236111
3028.8327534722225
3064.2921215277775
3126.744822916666
3136.2039548611106
3073.1152604166678
3032.0037048611116
3046.770600694445
3076.587388888889
3077.6208437499995
3090.684222222222
3120.1292708333335
2581.872100694445
2575.1622465277774
2581.1800972222227
2534.749322916666
2472.8574201388888
2456.3207361111117
2446.317246527777
2442.6298715277785
2428.071069444444
2425.9827708333337
2413.2725763888884
2392.578465277778
2389.8153958333332
2330.5869131944446
2351.3389166666666
2357.454743055555
2391.301034722222
2419.0591562500003
2440.5749826388887
2463.165409722222
2455.7107465277777
2469.553364583333
2503.609704861111
2524.510677083333
3093.566659722223
3091.522944444445
3162.7017534722218
3162.341065972222
3135.6631805555558
3126.4325173611105
3100.695465277778
3144.6059826388896
3096.662715277778
3128.1307847222224
3117.565861111111
3186.2111180555553
3200.342701388889
3139.0606215277776
3116.0150625000006
3155.1920173611124
3160.3542500000003
3116.1171284722222
3163.9578854166666
3240.091756944446
3271.964684027778
3125.5256145833337
3167.8179340277784
3234.3103055555557
2753.590277777778
2754.7013888888887
2755.8124999999995
2756.9236111111113
2758.034722222222
2759.145833333333
2760.2569444444443
2761.368055555555
2765.7778958333333
2758.7599375
2679.693267361111
2673.1820624999996
2732.203572916666
2722.363065972222
2670.910999999999
2632.213305555555
2620.349809027778
2720.9166458333334
2712.5097569444447
2752.8770833333333
2898.555440972223
2908.4474201388894
2998.8737361111107
3042.847902777777
2829.7705694444435
2791.5656133680554
2772.0186354166667
2751.752291666667
2611.1060265624997
2577.600791666667
2537.4301041666663
2323.680896180555
1392.2771951388888
1314.6631944444443
1315.7743055555552
1316.8854166666663
1317.9965277777771
1249.7898165277777
1982.912732291667
2289.1910770833338
2246.987136805555
2238.4401631944447
2238.0489583333333
2239.1677083333334
2238.742125
2236.790045138889
2243.974076388889
2258.4494201388893
3045.0903055555555
3123.080479166666
3042.054388888889
3033.30371875
3022.7069791666668
2995.197680555555
2953.8327569444446
2939.39490625
2954.6634375000003
2988.4779097222217
2900.406256944443
2891.4289062499993
2904.390506944445
2849.6473298611113
2783.956340277778
2861.1686458333343
3014.201989583333
2981.580996527777
2912.7186388888886
2903.0360173611116
2855.151270833333
2883.262048611111
2917.951142361111
2948.491065972221
2821.281246527778
2789.944913194444
2780.561465277778
2786.7600763888877
2741.0524444444445
2699.835729166666
2696.1954513888886
2665.584833333334
2596.789913194445
2642.423027777777
2722.678173611111
2743.8846249999997
2725.142260416667
2733.203479166667
2762.6153958333334
2796.3305625000003
2737.8672395833337
2761.5079687499992
2798.6746562499998
2758.2874895833334
2790.6544027777772
2779.780097222222
2789.7103229166673
2783.5237118055566
2861.041451388888
3005.7293229166658
2997.916878472223
3024.1828506944453
2995.1903958333337
3034.9046388888883
2896.571618055555
2829.599888888889
2812.810499999999
2789.1067118055557
2761.7235277777772
2841.6780972222223
2912.8136354166663
2892.3372534722225
2951.996666666667
3009.9958159722223
2943.469680555555
3014.092152777778
3028.086232638889
3050.772131944445
3045.891784722221
3055.427305555554
3008.4529062500005
3147.3453680555554
2748.023055555555
2682.016315972222
2641.2370729166673
2619.1297534722225
2622.284229166667
2605.615159722222
2600.5680659722225
2572.0861111111108
2575.9815868055557
2576.852059027777
2611.399875
2581.1279097222223
2558.2707048611114
2561.0572638888893
2572.5687326388884
2568.7056875000003
2577.5587812500003
2578.512027777778
2567.822336805555
2543.3979062500002
2556.042496527778
2502.7825104166664
2438.6995243055553
2507.525583333333
2714.1954652777777
2688.6595972222226
2697.1282222222226
2743.1267222222223
2633.5694444444457
2565.1812152777775
2584.984704861111
2569.672229166666
2571.053225694444
2568.3156458333337
2586.5926041666667
2437.5155243055556
2258.5805486111108
2332.781850694445
2460.0721319444447
2465.0548506944438
2606.5394652777773
2704.720493055556
2660.7532118055556
2609.7149340277783
2519.0524201388894
2526.9812326388887
2561.507413194444
2618.6191909722215
2438.6225694444447
2441.3722256944443
2452.4940972222225
2440.4523159722226
2441.4679409722226
2442.3555555555554
2442.8695625
2444.132173611111
2445.256017361111
2468.6892499999994
2780.5389201388894
2744.6013923611113
2689.0523090277775
2737.021635416668
2642.667013888888
2545.188088888889
2689.5716180555564
2635.6891180555554
2684.726586805555
2680.750225694445
2623.136114583334
2559.3484861111106
2564.8239826388885
2596.957847222223
2602.275371527778
3120.9252430555543
