ResourceBalances,Period,Time,GWP_supply
Electricity,1,1,0.0209063229825
Electricity,1,2,0.019283987297500003
Electricity,1,3,0.019580462495
Electricity,1,4,0.021180990325
Electricity,1,5,0.0219591264425
Electricity,1,6,0.0296146022625
Electricity,1,7,0.04531453897
Electricity,1,8,0.0346907123075
Electricity,1,9,0.0282378394825
Electricity,1,10,0.036809391895
Electricity,1,11,0.0407655493875
Electricity,1,12,0.0374079476175
Electricity,1,13,0.02393188327
Electricity,1,14,0.025024479355
Electricity,1,15,0.029185445820000003
Electricity,1,16,0.0288977854975
Electricity,1,17,0.02896141925
Electricity,1,18,0.03426790755
Electricity,1,19,0.034551293825
Electricity,1,20,0.0333653758025
Electricity,1,21,0.0262745496625
Electricity,1,22,0.0248256894925
Electricity,1,23,0.0226800302225
Electricity,1,24,0.028547394085
Electricity,2,1,0.06549382334
Electricity,2,2,0.061644464602500004
Electricity,2,3,0.057971508635
Electricity,2,4,0.0579372759325
Electricity,2,5,0.0642297674325
Electricity,2,6,0.061361981035
Electricity,2,7,0.04942625949
Electricity,2,8,0.076377333345
Electricity,2,9,0.06629615590749999
Electricity,2,10,0.0703703608825
Electricity,2,11,0.06478478341749999
Electricity,2,12,0.06058807463
Electricity,2,13,0.04932830066
Electricity,2,14,0.049670804807499996
Electricity,2,15,0.04845002786
Electricity,2,16,0.0407237383725
Electricity,2,17,0.0542729179375
Electricity,2,18,0.059178073515
Electricity,2,19,0.0676103761825
Electricity,2,20,0.06859406209
Electricity,2,21,0.07090122395000001
Electricity,2,22,0.0771603164075
Electricity,2,23,0.0829352898675
Electricity,2,24,0.0670245524975
Electricity,3,1,0.07795508509
Electricity,3,2,0.07130144102
Electricity,3,3,0.0621867468675
Electricity,3,4,0.0624836644425
Electricity,3,5,0.0643625022275
Electricity,3,6,0.0587825419925
Electricity,3,7,0.06347662864
Electricity,3,8,0.04994729729
Electricity,3,9,0.050748481585
Electricity,3,10,0.06581400277
Electricity,3,11,0.0686833753225
Electricity,3,12,0.0559228625375
Electricity,3,13,0.0462967988325
Electricity,3,14,0.04714781533
Electricity,3,15,0.0434966105425
Electricity,3,16,0.05776626599
Electricity,3,17,0.081107556385
Electricity,3,18,0.064888946405
Electricity,3,19,0.0775588318975
Electricity,3,20,0.08314744905500002
Electricity,3,21,0.06492755711499999
Electricity,3,22,0.0526981940325
Electricity,3,23,0.0526639925025
Electricity,3,24,0.046266428365
Electricity,4,1,0.16188133740000002
Electricity,4,2,0.096794989875
Electricity,4,3,0.126161644175
Electricity,4,4,0.074976230565
Electricity,4,5,0.0945238198975
Electricity,4,6,0.12395635672500001
Electricity,4,7,0.07349329428
Electricity,4,8,0.0784764542925
Electricity,4,9,0.08179107623
Electricity,4,10,0.0607191240825
Electricity,4,11,0.04170563509999999
Electricity,4,12,0.034469441074999996
Electricity,4,13,0.0465942676875
Electricity,4,14,0.0543072580825
Electricity,4,15,0.050899967355
Electricity,4,16,0.0397307444475
Electricity,4,17,0.054654117035
Electricity,4,18,0.0657684471425
Electricity,4,19,0.0687045808475
Electricity,4,20,0.09608464413750001
Electricity,4,21,0.18924360242500002
Electricity,4,22,0.17477574612500002
Electricity,4,23,0.222277006075
Electricity,4,24,0.210803848625
Electricity,5,1,0.09623722117
Electricity,5,2,0.11055817755
Electricity,5,3,0.116727526675
Electricity,5,4,0.12512234265
Electricity,5,5,0.13945538680000003
Electricity,5,6,0.14279829875
Electricity,5,7,0.150757329325
Electricity,5,8,0.170866544725
Electricity,5,9,0.14462776545
Electricity,5,10,0.15528166952499997
Electricity,5,11,0.149685278325
Electricity,5,12,0.1270473543
Electricity,5,13,0.12154205785000001
Electricity,5,14,0.12499523059999999
Electricity,5,15,0.12629755155
Electricity,5,16,0.13374116465
Electricity,5,17,0.125171289675
Electricity,5,18,0.13381142165
Electricity,5,19,0.164709669175
Electricity,5,20,0.178766736125
Electricity,5,21,0.18597156355000002
Electricity,5,22,0.17952895559999998
Electricity,5,23,0.150501354825
Electricity,5,24,0.149422977325
Electricity,6,1,0.24999756622500002
Electricity,6,2,0.220519077525
Electricity,6,3,0.20716740815
Electricity,6,4,0.19584254382500002
Electricity,6,5,0.21285598725
Electricity,6,6,0.20438949550000002
Electricity,6,7,0.12900374507499998
Electricity,6,8,0.0920223820275
Electricity,6,9,0.090171473265
Electricity,6,10,0.073109189485
Electricity,6,11,0.0879082272825
Electricity,6,12,0.093912645555
Electricity,6,13,0.117319865075
Electricity,6,14,0.10906585252499999
Electricity,6,15,0.130270250675
Electricity,6,16,0.127525899875
Electricity,6,17,0.116895989075
Electricity,6,18,0.134354422975
Electricity,6,19,0.1420426975
Electricity,6,20,0.16411408225
Electricity,6,21,0.19758007205
Electricity,6,22,0.252190359825
Electricity,6,23,0.28516914782499997
Electricity,6,24,0.283465773575
Electricity,7,1,0.025305387135
Electricity,7,2,0.0237412514675
Electricity,7,3,0.0248108865825
Electricity,7,4,0.030118863050000003
Electricity,7,5,0.032653231675
Electricity,7,6,0.032729839955
Electricity,7,7,0.027798907302500002
Electricity,7,8,0.0354261504525
Electricity,7,9,0.043176781215
Electricity,7,10,0.038263874345
Electricity,7,11,0.04798752646
Electricity,7,12,0.0292341791225
Electricity,7,13,0.02312599296
Electricity,7,14,0.0261699650025
Electricity,7,15,0.0340686099325
Electricity,7,16,0.036272779825000004
Electricity,7,17,0.02790798646
Electricity,7,18,0.028670125805000002
Electricity,7,19,0.0347801515725
Electricity,7,20,0.044960277835
Electricity,7,21,0.0450704087575
Electricity,7,22,0.043182661940000006
Electricity,7,23,0.0321298346025
Electricity,7,24,0.0406668484325
Electricity,8,1,0.0442854442175
Electricity,8,2,0.045378606572499994
Electricity,8,3,0.042698456522500004
Electricity,8,4,0.032749223395
Electricity,8,5,0.02221197107
Electricity,8,6,0.023960000000000002
Electricity,8,7,0.02477
Electricity,8,8,0.025670000000000002
Electricity,8,9,0.0473810618025
Electricity,8,10,0.10482798440499999
Electricity,8,11,0.11397197455
Electricity,8,12,0.121749129175
Electricity,8,13,0.110460971975
Electricity,8,14,0.0817679480525
Electricity,8,15,0.04085230754
Electricity,8,16,0.0290956770675
Electricity,8,17,0.0270587881025
Electricity,8,18,0.02461
Electricity,8,19,0.02469
Electricity,8,20,0.0242135477475
Electricity,8,21,0.024866955195
Electricity,8,22,0.0406125189825
Electricity,8,23,0.0325184085375
Electricity,8,24,0.036771797845
Electricity,9,1,0.13116874525
Electricity,9,2,0.11581605195
Electricity,9,3,0.110414782525
Electricity,9,4,0.08536680817
Electricity,9,5,0.026087118407500002
Electricity,9,6,0.0270195717125
Electricity,9,7,0.028048795095
Electricity,9,8,0.02916972922
Electricity,9,9,0.07832630405749999
Electricity,9,10,0.0675320067325
Electricity,9,11,0.0589775275875
Electricity,9,12,0.08723055493749998
Electricity,9,13,0.07505910955
Electricity,9,14,0.084727299415
Electricity,9,15,0.076986942545
Electricity,9,16,0.0779917122975
Electricity,9,17,0.06561083883499999
Electricity,9,18,0.03975523902749999
Electricity,9,19,0.03935322156
Electricity,9,20,0.0739092378425
Electricity,9,21,0.0833496052525
Electricity,9,22,0.089382511385
Electricity,9,23,0.0901475143825
Electricity,9,24,0.08064814601
Electricity,10,1,0.0408562874675
Electricity,10,2,0.0385107027125
Electricity,10,3,0.0357971502175
Electricity,10,4,0.0322301298975
Electricity,10,5,0.0233349694175
Electricity,10,6,0.02213161269
Electricity,10,7,0.02512
Electricity,10,8,0.0313900789625
Electricity,10,9,0.06377825241000001
Electricity,10,10,0.080331338635
Electricity,10,11,0.0841825409325
Electricity,10,12,0.072837875515
Electricity,10,13,0.0700218440175
Electricity,10,14,0.06916302518749999
Electricity,10,15,0.0545496998525
Electricity,10,16,0.0336203811175
Electricity,10,17,0.024354824485000003
Electricity,10,18,0.02218
Electricity,10,19,0.0212476717525
Electricity,10,20,0.027795796164999997
Electricity,10,21,0.0288062325625
Electricity,10,22,0.027936655695
Electricity,10,23,0.0289500816375
Electricity,10,24,0.030212689905000003
Electricity,11,1,0.0381617264725
Electricity,11,2,0.043408921545
Electricity,11,3,0.041046826887500006
Electricity,11,4,0.0356685891025
Electricity,11,5,0.02986634893
Electricity,11,6,0.030645895435
Electricity,11,7,0.0311155534125
Electricity,11,8,0.031210884409999997
Electricity,11,9,0.0342129729775
Electricity,11,10,0.0385508462175
Electricity,11,11,0.0433820770425
Electricity,11,12,0.050907844005
Electricity,11,13,0.062995115235
Electricity,11,14,0.07090976093000001
Electricity,11,15,0.07004945681
Electricity,11,16,0.04411552594
Electricity,11,17,0.0364483237825
Electricity,11,18,0.0310693276225
Electricity,11,19,0.02629
Electricity,11,20,0.02588
Electricity,11,21,0.02878396064
Electricity,11,22,0.02755332615
Electricity,11,23,0.0237098926175
Electricity,11,24,0.025209829859999998
Electricity,12,1,0.039494019572500004
Electricity,12,2,0.0451564285725
Electricity,12,3,0.041413970550000005
Electricity,12,4,0.0393825939725
Electricity,12,5,0.040954920365
Electricity,12,6,0.0411515127075
Electricity,12,7,0.041270911075
Electricity,12,8,0.0440257648275
Electricity,12,9,0.046432830225
Electricity,12,10,0.053851723815
Electricity,12,11,0.051071512235
Electricity,12,12,0.0604352347675
Electricity,12,13,0.063711693135
Electricity,12,14,0.06164643584
Electricity,12,15,0.05927589805
Electricity,12,16,0.048603996175
Electricity,12,17,0.0367815457325
Electricity,12,18,0.025041723195
Electricity,12,19,0.02501
Electricity,12,20,0.02506
Electricity,12,21,0.0248
Electricity,12,22,0.022586200182500002
Electricity,12,23,0.02690469109
Electricity,12,24,0.034478255362499995
Electricity,13,1,0.0489713507275
Electricity,13,2,0.03710103804
Electricity,13,3,0.0306774824075
Electricity,13,4,0.03111094284
Electricity,13,5,0.0332119173425
Electricity,13,6,0.035340475745
Electricity,13,7,0.035762243642500004
Electricity,13,8,0.0481527661025
Electricity,13,9,0.0614156096225
Electricity,13,10,0.067969914895
Electricity,13,11,0.06856484724499999
Electricity,13,12,0.0658293335025
Electricity,13,13,0.06349172988
Electricity,13,14,0.04963746931
Electricity,13,15,0.042018647667500006
Electricity,13,16,0.041928133332500006
Electricity,13,17,0.038923962232500005
Electricity,13,18,0.031196605565
Electricity,13,19,0.027596423260000003
Electricity,13,20,0.0345934764425
Electricity,13,21,0.0468422957325
Electricity,13,22,0.047418285855
Electricity,13,23,0.044136792337499994
Electricity,13,24,0.0400268189875
Electricity,14,1,0.026237317237500002
Electricity,14,2,0.026602540770000002
Electricity,14,3,0.026238789135000003
Electricity,14,4,0.026239298502499998
Electricity,14,5,0.028454502677500004
Electricity,14,6,0.0349888952175
Electricity,14,7,0.0473857362925
Electricity,14,8,0.05486066822
Electricity,14,9,0.0764654321875
Electricity,14,10,0.0813037497225
Electricity,14,11,0.07993201766500001
Electricity,14,12,0.08357889384249999
Electricity,14,13,0.07791568599
Electricity,14,14,0.07735451881500001
Electricity,14,15,0.066765912895
Electricity,14,16,0.0437123918
Electricity,14,17,0.031519741822499996
Electricity,14,18,0.032090970079999996
Electricity,14,19,0.0277698978625
Electricity,14,20,0.027604337892499997
Electricity,14,21,0.0302595155775
Electricity,14,22,0.02827490253
Electricity,14,23,0.023667934145
Electricity,14,24,0.025786510024999997
Electricity,15,1,0.0505790305275
Electricity,16,1,0.037262014574999995
