0.0
0.0
0.0
0.0
0.0
0.0
0.0
9.0
141.0
271.0
385.0
451.0
455.0
423.0
349.0
221.0
87.0
0.0
0.0
0.0
0.0
0.0
0.0
0.0
0.0
0.0
0.0
0.0
0.0
0.0
0.0
0.0
46.0
59.0
142.0
320.0
286.0
197.0
61.0
84.0
35.0
0.0
0.0
0.0
0.0
0.0
0.0
0.0
0.0
0.0
0.0
0.0
0.0
0.0
0.0
0.0
2.0
10.0
20.0
26.0
29.0
292.0
266.0
190.0
32.0
0.0
0.0
0.0
0.0
0.0
0.0
0.0
0.0
0.0
0.0
0.0
0.0
0.0
0.0
0.0
3.0
41.0
68.0
98.0
113.0
105.0
86.0
60.0
27.0
0.0
0.0
0.0
0.0
0.0
0.0
0.0
0.0
0.0
0.0
0.0
0.0
0.0
0.0
0.0
20.0
143.0
255.0
311.0
353.0
351.0
291.0
199.0
88.0
1.0
0.0
0.0
0.0
0.0
0.0
0.0
0.0
0.0
0.0
0.0
0.0
0.0
0.0
0.0
5.0
49.0
85.0
119.0
102.0
90.0
80.0
65.0
29.0
1.0
0.0
0.0
0.0
0.0
0.0
0.0
0.0
0.0
0.0
0.0
0.0
0.0
0.0
2.0
118.0
266.0
289.0
299.0
202.0
175.0
198.0
153.0
29.0
0.0
0.0
0.0
0.0
0.0
0.0
0.0
0.0
0.0
0.0
0.0
0.0
0.0
13.0
67.0
99.0
174.0
263.0
288.0
311.0
252.0
225.0
212.0
127.0
74.0
3.0
0.0
0.0
0.0
0.0
0.0
0.0
0.0
0.0
0.0
0.0
0.0
30.0
111.0
217.0
270.0
358.0
374.0
451.0
547.0
565.0
524.0
415.0
280.0
117.0
3.0
0.0
0.0
0.0
0.0
0.0
0.0
0.0
0.0
0.0
0.0
7.0
81.0
162.0
232.0
272.0
319.0
329.0
284.0
248.0
184.0
129.0
60.0
3.0
0.0
0.0
0.0
0.0
0.0
0.0
0.0
0.0
0.0
0.0
2.0
48.0
133.0
195.0
213.0
269.0
394.0
374.0
415.0
413.0
387.0
338.0
265.0
181.0
62.0
0.0
0.0
0.0
0.0
0.0
0.0
0.0
0.0
0.0
41.0
182.0
304.0
408.0
347.0
448.0
308.0
208.0
282.0
262.0
183.0
77.0
153.0
76.0
17.0
1.0
0.0
0.0
0.0
0.0
0.0
0.0
0.0
0.0
26.0
202.0
384.0
563.0
720.0
846.0
923.0
953.0
925.0
849.0
725.0
568.0
387.0
204.0
26.0
0.0
0.0
0.0
0.0
0.0
0.0
0.0
0.0
0.0
48.0
175.0
167.0
229.0
426.0
542.0
722.0
290.0
459.0
398.0
370.0
101.0
128.0
22.0
13.0
1.0
0.0
0.0
0.0
0.0
859.1
