0.0
0.0
0.0
0.0
0.0
0.0
0.0
0.0
3.0
33.0
60.0
78.0
85.0
78.0
58.0
31.0
2.0
0.0
0.0
0.0
0.0
0.0
0.0
0.0
0.0
0.0
0.0
0.0
0.0
0.0
0.0
8.0
157.0
314.0
393.0
444.0
467.0
517.0
435.0
369.0
283.0
111.0
3.0
0.0
0.0
0.0
0.0
0.0
0.0
0.0
0.0
0.0
0.0
0.0
0.0
0.0
2.0
10.0
20.0
26.0
29.0
292.0
266.0
190.0
32.0
0.0
0.0
0.0
0.0
0.0
0.0
0.0
0.0
0.0
0.0
0.0
0.0
0.0
0.0
0.0
72.0
234.0
314.0
344.0
282.0
298.0
139.0
98.0
29.0
3.0
0.0
0.0
0.0
0.0
0.0
0.0
0.0
0.0
0.0
0.0
0.0
0.0
6.0
125.0
230.0
512.0
674.0
514.0
323.0
364.0
193.0
129.0
114.0
116.0
8.0
0.0
0.0
0.0
0.0
0.0
0.0
0.0
0.0
0.0
0.0
0.0
13.0
67.0
99.0
174.0
263.0
288.0
311.0
252.0
225.0
212.0
127.0
74.0
3.0
0.0
0.0
0.0
0.0
0.0
0.0
0.0
0.0
0.0
0.0
0.0
36.0
74.0
36.0
143.0
197.0
354.0
320.0
443.0
311.0
273.0
265.0
172.0
71.0
1.0
0.0
0.0
0.0
0.0
0.0
0.0
0.0
0.0
0.0
0.0
7.0
81.0
162.0
232.0
272.0
319.0
329.0
284.0
248.0
184.0
129.0
60.0
3.0
0.0
0.0
0.0
0.0
0.0
0.0
0.0
0.0
0.0
0.0
2.0
48.0
133.0
195.0
213.0
269.0
394.0
374.0
415.0
413.0
387.0
338.0
265.0
181.0
62.0
0.0
0.0
0.0
0.0
0.0
0.0
0.0
0.0
0.0
41.0
182.0
304.0
408.0
347.0
448.0
308.0
208.0
282.0
262.0
183.0
77.0
153.0
76.0
17.0
1.0
0.0
0.0
0.0
0.0
0.0
0.0
0.0
0.0
0.0
47.0
166.0
307.0
468.0
572.0
605.0
600.0
637.0
579.0
435.0
371.0
257.0
97.0
1.0
0.0
0.0
0.0
0.0
0.0
0.0
0.0
0.0
0.0
11.0
129.0
260.0
384.0
561.0
665.0
758.0
782.0
739.0
667.0
562.0
445.0
311.0
153.0
42.0
0.0
0.0
0.0
0.0
0.0
859.1
