13.0
12.5
12.0
11.7
11.4
11.2
11.1
11.4
12.7
13.8
14.8
15.8
16.4
16.8
16.8
16.5
15.8
15.0
14.3
13.6
13.0
12.3
11.6
10.9
-0.3
-0.6
-0.8
-1.0
-1.1
-1.2
-1.3
-1.4
-1.3
0.7
2.6
4.3
5.5
6.4
6.7
6.3
5.1
4.4
3.8
3.2
2.6
2.0
1.3
0.7
4.1
3.7
3.3
3.1
3.0
2.8
2.7
2.7
3.4
4.6
5.8
6.7
7.4
7.8
7.8
7.3
6.5
6.1
5.6
5.1
4.6
4.1
3.7
3.2
-2.0
-2.5
-3.0
-3.3
-3.6
-3.8
-4.0
-4.2
-3.9
-1.6
0.8
2.9
4.5
5.3
5.5
4.6
2.9
2.7
2.4
2.2
1.9
1.7
1.5
1.2
3.1
3.0
2.9
2.8
2.8
2.7
2.7
2.6
2.8
3.1
3.0
3.6
3.8
5.6
6.7
7.0
6.7
6.1
5.9
5.6
5.4
5.2
4.9
4.7
4.9
4.5
4.1
3.8
3.6
3.4
3.2
3.1
3.4
4.4
5.3
6.2
6.8
7.0
7.2
7.0
6.5
5.9
5.2
4.5
3.8
3.1
2.4
1.8
-1.9
-1.9
-2.0
-2.0
-2.0
-2.0
-2.0
-1.9
-0.8
1.2
3.3
5.3
6.9
7.9
8.3
8.1
7.2
5.8
5.5
5.2
4.9
4.6
4.3
4.0
6.0
5.4
4.8
4.4
4.1
3.8
3.6
3.8
5.1
6.4
7.5
8.4
9.0
9.2
9.2
8.7
7.9
7.0
6.7
6.3
5.9
5.5
5.1
4.7
4.4
4.0
3.6
3.4
3.2
3.1
3.1
4.1
5.5
7.2
8.6
9.9
10.9
11.7
12.0
12.0
11.5
10.5
9.5
9.0
8.6
8.1
7.7
7.2
16.6
15.3
14.0
13.3
12.6
12.1
12.7
14.9
17.1
19.2
21.1
22.7
23.9
24.7
25.1
25.1
24.4
23.2
21.7
20.1
18.7
17.2
15.8
14.4
16.72
16.060000000000002
13.9
13.5
13.2
13.0
13.0
13.8
14.9
15.8
17.0
17.9
18.6
19.1
19.3
19.4
18.9
18.2
17.4
16.3
15.1
14.0
12.7
11.4
10.9
10.2
9.6
9.2
8.9
8.6
8.6
10.2
12.4
14.9
17.1
19.0
20.4
21.3
21.6
21.4
20.3
18.6
17.9
17.2
16.5
15.8
15.1
14.3
16.6
15.1
14.3
13.8
13.7
14.3
15.5
17.2
19.1
20.9
22.6
24.1
25.4
26.3
26.9
27.2
27.1
26.5
25.5
24.2
22.7
21.1
19.4
17.7
19.1
19.2
19.3
19.4
19.4
19.4
18.6
20.4
21.2
22.4
22.7
23.3
23.7
24.5
24.8
25.0
25.0
25.1
24.8
24.2
23.5
22.7
21.9
21.4
17.4
17.9
18.2
18.4
18.6
19.0
20.9
22.8
24.7
26.6
28.4
29.9
31.2
32.0
32.7
32.9
32.7
32.0
30.9
29.7
28.4
27.1
25.9
24.7
16.3
15.7
15.4
15.2
15.2
15.8
16.8
18.0
19.3
20.5
21.5
22.1
22.8
23.2
23.5
23.5
23.2
22.7
21.8
21.2
20.4
19.3
18.2
17.2
-8.14
36.190000000000005
