6.3
5.7
5.1
4.9
4.6
4.4
4.2
4.5
6.5
8.4
10.3
11.8
12.8
13.4
13.6
13.1
12.0
10.7
9.8
8.8
7.9
7.0
6.1
5.1
6.0
5.1
4.2
3.7
3.2
2.9
2.5
2.5
3.2
3.5
4.3
6.0
6.9
7.1
6.4
6.0
5.3
5.0
4.8
4.5
4.2
3.9
3.6
3.3
-1.2
-1.4
-1.6
-1.7
-1.8
-1.9
-2.1
-2.0
-1.9
-1.7
-1.5
-1.3
-1.2
0.7
2.0
2.5
2.0
1.8
1.6
1.4
1.2
1.0
0.8
0.6
4.4
4.0
3.6
3.4
3.2
2.9
2.8
2.6
2.7
3.3
3.8
4.3
4.7
4.8
4.9
4.7
4.4
4.0
3.8
3.1
3.3
3.2
3.1
2.9
5.7
5.2
4.8
4.5
4.3
4.1
3.9
3.8
4.3
6.0
7.5
8.7
9.6
10.2
10.4
10.1
9.3
8.2
7.8
7.3
6.8
6.3
5.8
5.3
7.1
6.7
5.8
6.2
5.9
5.8
5.5
5.5
5.7
6.4
7.1
7.7
8.0
8.1
8.1
8.0
7.6
7.2
6.7
6.2
5.7
5.2
4.7
4.2
9.2
8.3
7.5
7.0
6.5
6.1
5.8
5.8
8.1
10.7
12.3
13.2
13.2
12.9
12.9
12.5
11.4
10.6
9.9
9.1
8.3
7.6
6.8
6.1
9.0
9.1
9.2
9.3
9.2
9.4
9.8
10.7
11.3
12.2
13.2
14.1
14.8
15.1
15.3
15.4
15.1
14.6
13.9
13.6
13.2
12.1
12.3
12.1
8.0
7.7
7.5
7.3
7.2
7.2
7.7
8.6
9.9
11.0
12.1
13.0
14.0
15.0
15.9
16.6
16.8
16.7
16.0
15.0
13.5
11.9
10.4
8.9
16.3
15.5
14.8
14.4
14.0
13.6
13.9
14.7
15.6
16.4
17.1
17.7
18.1
18.3
18.3
18.2
17.9
17.3
16.7
15.6
15.4
14.8
14.1
13.5
22.55
21.560000000000002
19.1
18.6
18.0
18.2
18.7
19.5
20.2
20.6
21.3
22.1
22.6
23.1
23.5
23.7
23.8
22.8
23.0
22.8
22.1
20.7
19.4
18.0
20.4
19.3
18.7
18.3
18.2
18.5
19.5
20.6
21.6
22.1
22.7
22.7
22.4
22.5
22.2
21.4
21.5
21.3
21.0
20.5
20.0
19.0
17.9
16.8
10.3
9.6
9.2
8.8
8.5
9.0
11.0
13.1
15.2
17.1
18.9
20.4
21.6
22.4
22.9
23.0
22.6
21.7
20.4
18.7
17.8
16.9
16.1
15.2
17.9
17.7
17.5
17.4
17.4
18.0
19.2
19.7
20.4
21.6
22.8
24.3
24.3
24.7
24.8
24.9
24.1
23.0
22.7
22.3
21.7
20.9
20.2
19.4
-8.14
36.190000000000005
