6.1
6.5
6.6
6.7
6.7
6.8
6.9
6.9
7.1
7.9
8.7
9.4
9.9
10.2
10.2
10.0
9.5
9.2
9.0
8.7
8.5
8.2
8.0
7.7
0.2
-0.4
-1.0
-1.4
-1.7
-2.0
-2.2
-2.1
-0.2
1.6
3.1
4.1
4.9
5.7
6.0
6.0
5.7
4.7
3.5
3.1
2.6
2.1
1.7
1.2
-1.2
-1.4
-1.6
-1.7
-1.8
-1.9
-2.1
-2.0
-1.9
-1.7
-1.5
-1.3
-1.2
0.7
2.0
2.5
2.0
1.8
1.6
1.4
1.2
1.0
0.8
0.6
-0.8
-1.1
-1.3
-1.4
-1.6
-1.6
-1.7
-1.7
-0.6
1.4
3.0
4.1
4.6
5.0
4.5
3.9
3.0
2.2
1.9
1.7
1.4
1.1
0.8
0.6
6.9
6.6
6.2
6.1
5.9
5.8
5.9
7.5
8.9
11.5
13.8
14.7
14.6
14.7
14.0
13.1
12.3
11.7
10.8
10.4
9.9
9.4
9.0
8.5
9.0
9.1
9.2
9.3
9.2
9.4
9.8
10.7
11.3
12.2
13.2
14.1
14.8
15.1
15.3
15.4
15.1
14.6
13.9
13.6
13.2
12.1
12.3
12.1
9.6
8.9
8.6
8.2
8.0
8.0
8.4
8.2
8.7
9.3
10.0
10.9
11.3
12.4
12.6
12.9
13.0
12.9
12.5
11.9
10.8
9.7
8.7
7.6
16.3
15.5
14.8
14.4
14.0
13.6
13.9
14.7
15.6
16.4
17.1
17.7
18.1
18.3
18.3
18.2
17.9
17.3
16.7
15.6
15.4
14.8
14.1
13.5
20.5
19.6
19.1
18.6
18.0
18.2
18.7
19.5
20.2
20.6
21.3
22.1
22.6
23.1
23.5
23.7
23.8
22.8
23.0
22.8
22.1
20.7
19.4
18.0
20.4
19.3
18.7
18.3
18.2
18.5
19.5
20.6
21.6
22.1
22.7
22.7
22.4
22.5
22.2
21.4
21.5
21.3
21.0
20.5
20.0
19.0
17.9
16.8
20.57
19.03
15.8
14.9
14.3
14.2
14.7
15.9
17.4
19.2
20.8
22.0
22.9
23.7
24.1
24.1
23.9
23.2
22.1
20.9
19.4
17.9
16.4
14.8
18.3
17.5
17.1
16.6
16.3
16.5
17.7
19.1
20.4
22.0
23.4
24.7
25.7
26.4
26.7
26.8
26.5
25.9
24.9
23.8
22.7
21.7
20.7
19.7
-8.14
36.190000000000005
