364.8383311805555
347.603651111111
359.48709173611104
365.70229499999994
357.623131736111
359.1948879166666
355.730200486111
353.1130370833334
343.74216041666665
331.7531063194443
1240.0
1240.0
366.24557277777774
730.6252688194465
1240.0
1240.0
384.6068469444445
384.3741995138889
414.3369523611112
419.5135554166666
408.6695097916666
407.74849305555546
402.73453597222203
395.63836472222226
1240.0
1240.0
1240.0
1240.0
595.1715654166709
359.0735084027778
351.0194707638888
344.5770878472222
339.3579777777777
338.7757921527778
344.7778206249999
340.7746625694443
360.70870062499995
353.5244854166667
360.7053974999999
380.3116498611111
381.0817820833334
382.74187000000006
383.35692597222226
390.19472916666655
398.45542430555554
396.83178694444445
390.47870118055556
389.80597249999994
385.849673611111
385.9768918055557
378.6498984722222
1240.0
1240.0
1240.0
1240.0
352.2416858333333
359.7551941666666
355.18220305555553
363.5682040277777
375.9478702777777
377.7004578472223
379.6350303472223
387.5264205555556
386.6205505555555
388.00026027777784
370.86789055555545
382.9760909722221
387.9887083333333
390.8175177083333
405.5239372916667
809.0464809722243
385.77476875
1240.0
780.4192523611117
435.24810145833317
1240.0
1240.0
1240.0
1240.0
417.64355986111116
416.38833979166657
418.7109499999999
428.33696791666665
427.6706529861111
425.42174159722214
435.20408458333327
438.5522818055555
436.9295340277776
434.2847497916666
437.39571069444435
435.8103871527779
437.72429020833334
444.21416909722234
443.57352229166656
443.78041020833314
425.84417263888884
371.8740263194444
371.42499333333336
366.96054743055555
363.34755576388875
364.3160655555556
363.072517013889
363.3679943055554
366.0151760416667
376.522776388889
371.16569534722225
379.11803805555553
379.91294687499993
378.30997312500006
771.3589438888911
1240.0
1240.0
1240.0
1240.0
378.30451361111096
373.91101124999994
381.0906793750001
389.2850675000001
401.6098338194445
402.61167624999996
366.5642331944445
366.80516784722215
366.44043868055553
363.17555652777787
354.65292722222216
355.0985579166665
351.7181738194445
348.38787812499993
351.5056154166666
1240.0
1240.0
1240.0
356.9692150694444
362.915634861111
363.629258611111
593.0492194444433
1240.0
376.05837548611106
371.3894853472223
373.353649861111
370.6521865277777
381.6684890277777
381.59945541666673
389.42560173611093
386.036678125
387.05011284722224
930.6104412500049
1240.0
1240.0
1240.0
1240.0
375.6503338194446
377.52894083333314
379.38276881944444
377.0869836805557
387.4193740277777
388.37202152777763
385.2133745833334
391.9100033333333
389.9213266666666
388.29732520833335
389.78665638888884
387.901531111111
387.03719298611105
383.42473944444436
382.9696441666667
389.3270859722223
393.90069298611115
366.28314916666676
371.17331319444435
371.5418768055554
694.8885652777799
1240.0
1240.0
1240.0
1240.0
360.98267527777773
368.7947404166666
380.38336875000005
383.89466451388887
383.2103488888888
379.71125986111105
375.73555104166667
374.62506131944434
373.69655652777766
372.69603777777763
372.18444472222217
374.59402750000004
374.2870507638889
373.5870522222222
371.60514562500003
368.3937284027778
361.6253642361111
637.6606610416658
1240.0
1240.0
1240.0
1240.0
347.0325857638888
341.93413722222215
340.83166784722226
344.05243347222216
355.0976080555555
392.69868166666663
390.8415505555555
386.7703024305555
378.5872183333332
378.5292466666666
372.47367111111106
371.3369576388888
371.7604090277777
370.8727234722222
367.8552359027778
363.3187775
368.2784573611111
366.2040481944443
353.260166875
380.9760179166666
619.1303774305585
1240.0
1240.0
1240.0
359.4737917361111
357.60756062499985
350.28983597222214
346.097390625
342.8456927777777
338.8578622916666
342.9719679166667
359.6185342361112
363.0071982638888
359.1502026388889
377.3602947916666
370.18017604166675
385.7982936111111
384.38407923611106
372.7115806944444
375.7132852083333
375.7761563888889
1240.0
1240.0
436.9295340277776
