81.79603629999997
82.80908930000001
83.5930504
85.19797729999999
80.26571340000001
80.2742098
77.4029792
75.5572794
75.21223690000001
75.76468329999997
77.38563280000001
77.07373619999998
75.34661740000001
77.6401438
77.97757700000005
78.92323620000002
79.96133350000001
76.95047699999998
76.64224710000002
76.44757290000001
74.62020720000001
76.3129138
78.99815050000001
80.50792660000002
86.94264270000001
88.40790640000002
89.79477650000001
88.04745310000001
86.9943765
86.06409570000001
84.78617990000002
83.24232079999999
83.15918620000002
82.75771419999998
83.2056235
84.3533904
84.87140809999997
87.23038330000001
88.25161309999999
90.05025089999998
90.32267389999998
88.50571950000003
87.32170670000001
87.74699330000001
88.6057168
88.63548029999998
89.0117056
89.859723
74.35791650000002
74.16467269999998
74.33798680000001
73.00078049999999
71.2182937
70.74203720000001
70.45393669999999
70.34774030000003
69.92844679999999
69.8683038
69.50225019999999
68.9062598
68.82668340000001
67.1209031
67.71856079999999
67.89469659999999
68.86946979999999
69.66890370000002
70.28855949999999
70.9391638
70.7244695
71.12313689999999
72.1039595
72.7059075
77.23903080000004
77.3507072
76.56742349999999
76.78620290000002
76.85659249999998
76.76403700000003
75.901113
74.3026562
73.88765319999999
73.31890649999998
71.97821710000001
71.483243
73.7245565
79.84062
82.35311959999999
82.02828009999999
80.7876905
81.10264770000002
79.29552039999997
78.68137999999999
79.91556939999998
80.57020630000001
82.43520969999999
84.0197862
81.49739239999998
80.397089665
79.83413669999999
79.25046600000002
75.19985356499998
74.23490280000001
73.077987
66.92200980999999
40.09758322
37.86229999999999
37.89429999999999
37.92629999999999
37.95829999999998
35.993946716
57.10788669000001
65.92870302000001
64.71322953999999
64.4670767
64.45581
64.48803000000001
64.4757732
64.4195533
64.6264534
65.0433433
82.39799379999998
86.56500449999999
86.34000610000001
87.09646610000001
86.2614834
87.40525359999998
83.42126259999999
81.4924768
81.00894239999998
80.3262733
79.53763759999998
81.8403292
83.88903269999999
83.2993129
85.017504
86.68787950000001
84.77192679999999
86.80585400000001
87.20888350000001
87.86223740000001
87.72168339999996
87.99630639999997
86.6434437
90.6435466
81.25289990000002
80.35041349999997
80.08017020000001
80.25869019999996
78.9423104
77.755269
77.65042899999999
76.7688432
74.78754950000001
76.10178319999999
78.4131314
79.0238772
78.48409710000001
78.71626020000001
79.5633234
80.5343202
78.85057650000002
79.53142949999999
80.6018301
79.4386797
80.3708468
80.05766679999999
80.34365730000002
80.16548290000003
82.97395960000001
83.1590432
83.4519999
82.8607393
83.2939095
81.70419589999999
79.10708759999997
79.3290575
78.5048901
79.34916709999997
78.3954563
77.9558869
78.57246350000001
78.0102802
78.1165673
79.13075650000002
78.3624327
79.28044680000002
80.5480391
81.68605299999999
81.2827106
82.04338580000001
80.8251265
81.9777332
88.33744450000002
89.133577
90.20306030000002
88.373456
86.9467102
88.11409329999998
88.4317268
88.37807289999999
88.47695390000001
88.4450432
88.79109230000002
86.2093823
85.44087650000002
83.59044639999999
84.8587364
86.5876705
85.90499949999997
85.58492629999999
87.22025110000001
87.36257970000003
86.83504660000003
84.8654865
88.91054310000001
91.73624970000002
97.4311068
96.2198497
97.98842129999998
94.23048049999998
92.869294
92.72199290000005
91.8749459
90.41993030000006
92.1948799
92.70582
91.6501768
95.38404329999996
96.6433854
97.17603289999995
95.0687164
92.4626598
95.52999959999998
92.5971337
93.8731603
90.05768929999998
87.16240640000001
88.37917980000002
85.8968365
79.6600831
85.0703834
73.5706536
