0.0
0.0
0.0
0.0
0.0
0.0
0.0
0.0
44.0
120.0
238.0
275.0
292.0
296.0
220.0
101.0
0.0
0.0
0.0
0.0
0.0
0.0
0.0
0.0
0.0
0.0
0.0
0.0
0.0
0.0
0.0
0.0
32.0
92.0
103.0
141.0
240.0
174.0
108.0
22.0
0.0
0.0
0.0
0.0
0.0
0.0
0.0
0.0
0.0
0.0
0.0
0.0
0.0
0.0
0.0
12.0
143.0
279.0
361.0
397.0
375.0
307.0
197.0
66.0
0.0
0.0
0.0
0.0
0.0
0.0
0.0
0.0
0.0
0.0
0.0
0.0
0.0
32.0
224.0
387.0
488.0
501.0
415.0
719.0
507.0
445.0
168.0
122.0
42.0
51.0
9.0
0.0
0.0
0.0
0.0
0.0
0.0
0.0
0.0
0.0
16.0
52.0
42.0
108.0
96.0
142.0
150.0
249.0
167.0
132.0
127.0
65.0
63.0
32.0
22.0
0.0
0.0
0.0
0.0
0.0
0.0
0.0
0.0
0.0
0.0
0.0
0.0
37.0
128.0
102.0
196.0
208.0
118.0
113.0
112.0
42.0
0.0
0.0
0.0
0.0
0.0
0.0
0.0
0.0
0.0
0.0
0.0
0.0
19.0
147.0
164.0
385.0
629.0
663.0
890.0
894.0
923.0
866.0
731.0
544.0
47.0
26.0
81.0
0.0
0.0
0.0
0.0
0.0
0.0
0.0
0.0
0.0
18.0
119.0
125.0
269.0
319.0
323.0
182.0
261.0
280.0
122.0
95.0
199.0
274.0
177.0
78.0
0.0
0.0
0.0
0.0
0.0
0.0
0.0
0.0
0.0
0.0
123.0
296.0
476.0
633.0
772.0
864.0
924.0
933.0
876.0
776.0
634.0
410.0
189.0
85.0
0.0
0.0
0.0
0.0
0.0
0.0
0.0
0.0
0.0
0.0
42.0
150.0
267.0
588.0
744.0
841.0
875.0
833.0
770.0
685.0
561.0
391.0
211.0
48.0
0.0
0.0
0.0
0.0
0.0
0.0
960.3000000000001
